lat,lon
37.39,-122.11
37.13,-121.65
38.69,-121.08
38.79,-121.23
37.32,-122.03
37.53,-122.04
37.64,-121.87
38.73,-120.8
37.8,-121.0
39.15,-121.59
37.69,-122.45
37.31,-121.99
35.45,-118.79
36.97,-122.03
37.77,-122.21
36.82,-119.76
37.26,-121.88
37.87,-122.07
38.81,-121.27
37.35,-121.88
37.76,-122.15
38.04,-121.23
38.74,-120.67
37.35,-122.03
36.6,-121.58
38.68,-121.77
37.68,-121.77
37.8,-121.0
36.75,-119.71
38.29,-122.46
37.39,-122.02
38.54,-121.74
36.86,-120.46
37.17,-121.84
36.51,-119.55
36.86,-120.46
37.26,-122.02
38.45,-121.82
37.56,-122.0
37.77,-122.21
37.26,-121.92
37.91,-122.07
37.0,-119.52
36.83,-119.7
37.41,-122.29
32.96,-117.04
32.92,-117.14
32.79,-117.07
32.74,-117.0
33.1,-117.25
33.11,-117.3
32.83,-117.2
33.04,-116.88
32.83,-117.2
32.83,-117.16
32.86,-117.2
32.83,-117.27
32.72,-117.16
32.92,-117.14
33.02,-117.2
32.97,-117.11
32.83,-117.16
32.75,-117.17
32.99,-117.27
32.89,-117.07
32.83,-117.09
32.74,-117.12
33.16,-117.29
32.83,-117.16
32.77,-117.12
37.26,-122.02
37.29,-121.89
37.76,-122.48
37.45,-122.18
37.28,-121.95
37.32,-122.03
37.35,-122.03
37.68,-121.77
38.02,-122.13
37.88,-122.27
37.38,-122.14
37.43,-121.9
37.64,-121.87
37.38,-122.09
38.98,-121.38
37.87,-122.07
37.41,-122.02
38.54,-121.74
37.38,-122.14
36.84,-119.89
32.97,-117.11
32.84,-116.97
37.68,-121.77
37.43,-121.9
37.43,-121.9
37.43,-121.9
37.93,-121.7
37.85,-122.01
38.51,-122.47
37.39,-122.08
38.32,-122.3
37.73,-121.43
37.42,-122.17
37.73,-122.38
37.51,-122.26
37.33,-121.92
37.42,-122.17
37.63,-122.41
37.39,-121.89
37.45,-122.18
37.33,-121.92
36.83,-119.68
37.84,-122.24
37.51,-122.26
37.29,-121.89
35.64,-120.65
37.52,-122.34
37.45,-122.18
37.08,-121.61
37.28,-121.69
37.16,-121.97
37.13,-121.65
37.84,-121.21
38.51,-122.47
38.14,-120.46
37.43,-122.07
38.79,-121.23
36.83,-119.68
37.29,-121.89
37.64,-121.87
40.59,-122.39
35.28,-120.66
37.75,-122.42
37.69,-122.09
37.51,-121.91
37.76,-122.48
36.84,-119.83
37.38,-122.09
38.89,-121.29
37.91,-122.69
37.45,-122.18
37.32,-122.03
37.38,-122.14
37.64,-121.87
38.36,-122.52
37.42,-122.17
36.86,-119.77
36.68,-119.93
36.83,-119.68
37.43,-121.9
37.69,-122.09
37.46,-122.2
38.54,-121.74
37.43,-122.07
37.72,-122.08
36.57,-119.61
38.79,-121.23
37.51,-122.26
38.4,-122.75
37.77,-122.41
37.26,-121.92
36.86,-119.77
37.65,-122.42
38.82,-121.19
37.99,-122.01
37.78,-122.46
37.84,-122.24
37.43,-121.9
33.04,-116.88
37.43,-121.9
37.43,-121.9
38.29,-122.46
37.43,-121.9
37.78,-121.98
37.43,-121.9
37.43,-121.9
37.95,-122.02
37.9,-122.26
38.79,-121.23
36.82,-119.76
39.6,-122.03
37.29,-121.89
39.6,-122.03
39.45,-122.03
39.73,-121.84
37.51,-122.26
36.33,-119.65
36.84,-119.8
38.44,-122.71
37.77,-122.21
37.51,-122.26
37.52,-122.28
37.77,-120.85
37.42,-122.17
37.91,-122.54
36.83,-119.7
35.37,-119.13
38.19,-120.83
37.83,-122.26
36.83,-119.68
37.29,-121.89
37.8,-121.98
37.29,-121.89
39.11,-121.13
37.64,-121.87
33.16,-117.16
33.09,-117.05
33.18,-117.25
36.3,-119.38
34.16,-118.08
34.01,-117.68
34.15,-117.51
36.3,-119.14
34.14,-118.04
34.27,-117.21
34.01,-118.47
34.1,-117.66
33.95,-118.31
33.71,-117.95
34.15,-118.81
34.59,-118.18
36.21,-119.35
33.98,-118.45
34.22,-119.04
34.44,-119.83
34.01,-117.68
34.28,-118.71
34.05,-117.44
33.93,-117.95
34.12,-117.85
33.72,-117.91
34.04,-118.51
33.78,-117.23
34.03,-118.47
34.11,-116.43
33.71,-117.08
33.74,-118.39
34.43,-118.52
33.75,-117.83
33.92,-118.13
34.23,-118.24
34.49,-117.42
34.09,-118.6
34.04,-117.66
33.74,-117.81
34.35,-119.06
34.58,-118.12
34.44,-118.46
34.06,-118.4
34.03,-118.5
34.05,-117.25
34.03,-118.7
33.74,-116.41
34.07,-117.16
33.64,-117.68
33.68,-117.91
34.04,-118.51
33.9,-117.39
34.07,-117.16
33.74,-116.41
34.28,-118.79
33.94,-118.19
33.88,-117.23
33.88,-117.54
33.81,-118.35
34.07,-117.61
33.92,-118.01
33.9,-117.73
36.3,-119.38
33.57,-117.73
34.1,-117.77
33.9,-117.73
33.55,-117.21
33.52,-117.71
34.12,-117.85
34.59,-118.18
33.93,-117.95
34.07,-117.61
33.75,-118.08
33.64,-117.61
34.15,-117.47
34.09,-117.26
33.68,-117.91
36.3,-119.38
34.01,-117.68
33.85,-118.15
33.69,-116.41
33.89,-117.27
33.49,-117.15
33.83,-117.85
34.01,-118.03
33.85,-118.15
34.01,-117.68
33.92,-117.9
34.28,-118.79
33.75,-117.99
35.68,-119.23
33.65,-117.92
33.62,-117.93
34.13,-117.21
34.14,-118.35
34.09,-117.91
34.1,-117.65
34.44,-118.59
33.67,-117.33
34.3,-119.22
33.84,-118.01
33.63,-117.87
34.18,-118.95
33.94,-118.13
34.08,-117.47
34.29,-118.88
34.08,-118.14
33.2,-117.25
33.58,-117.16
33.7,-116.98
33.2,-117.25
32.61,-117.04
32.84,-116.97
33.55,-117.64
34.37,-118.61
33.72,-118.05
33.85,-118.13
33.94,-117.23
33.82,-118.04
33.75,-118.08
34.2,-118.87
34.2,-118.87
36.33,-119.29
33.66,-117.97
34.5,-117.19
33.86,-118.18
33.81,-118.35
33.82,-118.04
33.89,-118.4
33.99,-117.97
34.04,-117.66
34.2,-118.82
33.66,-117.97
32.9,-117.2
34.51,-117.91
33.16,-117.16
33.19,-117.3
32.83,-117.16
33.09,-117.05
33.19,-117.3
32.83,-117.16
32.6,-116.9
33.09,-117.14
32.61,-117.04
37.38,-122.09
32.96,-117.04
33.02,-117.14
32.6,-116.9
33.16,-117.29
32.77,-117.14
33.16,-117.29
32.56,-117.05
32.9,-117.2
32.79,-116.96
33.43,-117.61
32.84,-116.97
32.72,-116.88
32.64,-117.06
32.96,-117.04
32.96,-117.04
32.77,-117.02
33.88,-117.9
33.8,-117.02
34.18,-116.87
33.81,-118.19
36.33,-119.29
33.77,-118.14
33.8,-118.12
36.33,-119.29
33.82,-118.11
34.07,-117.16
33.77,-118.14
34.11,-116.43
33.77,-118.14
33.78,-118.15
33.8,-118.12
33.86,-118.4
33.78,-116.47
33.87,-118.38
33.77,-118.14
35.97,-119.29
33.8,-118.12
33.74,-116.41
34.03,-118.78
34.11,-117.37
34.09,-118.33
34.49,-118.63
33.76,-116.54
33.8,-118.12
33.83,-118.18
34.69,-118.15
33.49,-117.15
33.62,-114.59
33.87,-117.87
33.72,-118.0
33.86,-116.57
34.05,-117.25
33.89,-118.4
33.86,-116.57
33.74,-118.19
33.87,-118.38
33.87,-118.38
33.74,-116.41
33.83,-118.18
33.83,-118.18
34.5,-117.19
33.62,-114.59
34.06,-117.18
34.02,-117.95
33.62,-114.59
34.0,-117.43
33.76,-116.54
33.99,-118.15
33.83,-118.18
33.77,-118.14
37.8,-122.21
34.49,-117.42
37.69,-121.91
37.43,-122.25
37.13,-121.65
33.67,-117.75
37.93,-121.7
38.68,-121.77
37.38,-122.09
38.23,-122.64
37.95,-122.06
34.2,-118.87
38.36,-121.99
35.37,-119.13
36.83,-119.7
37.01,-121.57
37.32,-122.03
37.17,-121.84
38.81,-121.27
37.76,-122.15
37.37,-122.02
37.33,-121.92
33.94,-118.13
33.92,-117.25
33.78,-117.23
38.44,-122.67
37.96,-121.77
37.26,-121.88
37.98,-122.34
37.01,-121.57
37.17,-121.84
37.82,-122.0
37.69,-121.91
37.93,-121.7
34.28,-118.79
37.29,-121.89
33.53,-117.11
36.75,-119.71
37.43,-122.07
37.38,-122.09
34.95,-120.44
39.75,-121.84
38.0,-121.32
37.93,-121.7
37.43,-122.25
36.85,-121.54
38.71,-120.95
37.39,-122.02
37.76,-121.24
38.32,-122.3
37.68,-122.49
37.35,-122.03
36.83,-119.7
37.35,-121.95
37.39,-122.08
33.53,-117.11
35.37,-119.02
38.36,-121.99
38.17,-122.26
37.5,-121.96
38.25,-122.04
37.38,-122.14
33.98,-117.89
35.64,-120.65
37.53,-122.04
38.44,-122.71
39.73,-121.84
39.76,-121.62
39.14,-121.62
37.17,-121.84
33.99,-118.4
37.39,-122.08
38.36,-121.99
37.43,-121.9
37.39,-122.08
39.6,-122.03
37.96,-121.29
33.78,-117.23
38.03,-122.03
37.85,-122.27
37.26,-121.88
34.2,-118.87
37.29,-121.89
37.38,-122.09
36.86,-119.77
37.39,-122.02
39.73,-121.84
37.38,-122.09
37.79,-122.42
38.73,-120.8
38.23,-122.32
33.75,-117.99
34.03,-117.58
34.95,-120.44
37.24,-121.83
38.13,-122.2
36.84,-119.83
33.63,-117.87
38.25,-122.04
37.94,-121.94
36.82,-119.76
37.33,-119.65
37.38,-122.24
34.02,-118.11
37.43,-122.07
36.75,-119.71
37.28,-121.95
37.91,-122.69
37.24,-121.83
