lat,lon
33.72,-116.34
32.77,-117.02
38.23,-122.32
33.86,-118.4
38.32,-122.3
35.64,-120.65
37.41,-122.02
36.84,-119.83
38.51,-122.47
32.66,-117.04
33.22,-117.11
32.97,-117.11
32.81,-117.04
32.83,-117.09
39.51,-121.56
37.26,-122.02
32.7,-117.05
32.6,-116.9
33.49,-117.15
39.51,-121.56
33.66,-117.97
39.51,-121.56
33.62,-114.59
37.78,-121.98
39.15,-123.21
39.51,-121.56
34.18,-116.87
32.94,-117.21
37.38,-122.24
37.43,-121.9
33.04,-117.29
37.26,-122.02
38.51,-122.47
39.51,-121.56
32.83,-117.27
38.32,-122.3
32.97,-117.11
33.72,-118.0
33.78,-118.35
33.86,-116.57
37.68,-121.77
32.76,-117.07
38.81,-123.02
36.33,-119.29
34.22,-119.04
38.81,-121.27
33.8,-118.12
38.23,-122.32
37.53,-122.31
33.99,-118.09
32.96,-117.27
33.89,-118.4
33.89,-118.4
36.86,-119.77
35.37,-119.13
37.41,-122.29
37.73,-122.46
33.99,-117.97
32.86,-116.92
37.95,-122.06
37.95,-122.56
33.04,-117.29
32.96,-117.04
33.91,-118.35
38.67,-120.94
38.11,-122.57
32.81,-117.04
37.92,-122.08
39.73,-121.84
32.89,-117.07
35.64,-120.65
32.81,-117.04
35.75,-120.7
33.38,-117.25
33.81,-118.35
35.59,-119.34
32.96,-117.27
33.84,-117.54
35.28,-120.66
32.83,-117.2
34.04,-118.51
33.83,-118.18
33.82,-118.04
32.66,-117.04
33.19,-117.3
32.84,-116.97
32.77,-117.02
33.76,-116.54
33.75,-117.99
33.04,-117.29
32.81,-117.13
37.64,-121.87
33.66,-117.97
37.76,-122.15
37.33,-121.77
37.53,-122.31
34.51,-117.91
37.75,-122.42
36.33,-119.29
37.8,-121.98
37.86,-122.23
36.84,-119.89
33.8,-117.15
37.38,-122.14
33.8,-117.02
33.14,-117.32
37.82,-122.0
36.33,-119.65
37.74,-122.5
34.2,-118.82
32.96,-117.04
33.26,-117.28
33.38,-117.25
37.74,-121.43
33.02,-117.2
33.86,-116.57
33.02,-117.2
32.64,-117.06
32.66,-117.04
34.04,-117.66
32.79,-117.23
32.77,-117.02
32.94,-117.21
32.89,-117.07
33.0,-117.07
33.8,-118.07
33.0,-117.07
33.02,-117.2
34.05,-117.44
37.76,-122.4
37.69,-121.91
33.62,-114.59
39.73,-121.84
38.58,-121.53
36.97,-122.03
36.33,-119.65
37.82,-122.23
34.06,-117.18
36.33,-119.29
38.4,-122.82
37.64,-121.87
37.53,-122.04
37.75,-122.42
36.51,-121.44
34.44,-118.59
33.82,-118.11
32.86,-117.2
37.89,-122.12
34.07,-117.16
36.75,-119.71
37.8,-121.0
37.76,-122.43
37.32,-122.03
33.8,-118.12
37.17,-121.84
33.38,-117.25
33.77,-118.14
37.93,-121.7
37.26,-122.02
33.8,-118.12
37.41,-122.29
38.67,-120.94
37.5,-121.96
33.83,-118.18
38.69,-121.08
37.85,-122.01
37.13,-121.65
33.76,-116.54
33.81,-118.19
36.33,-119.29
38.32,-122.3
33.77,-118.14
37.89,-122.12
36.84,-119.83
32.84,-116.77
33.83,-118.18
33.91,-118.35
33.8,-118.12
36.75,-119.71
37.26,-121.88
33.8,-118.12
36.33,-119.29
34.06,-117.18
34.04,-118.51
37.92,-122.34
33.78,-116.47
33.8,-118.12
39.15,-123.21
39.15,-121.59
33.87,-118.38
32.96,-117.04
34.07,-117.16
37.37,-122.02
38.11,-122.25
34.59,-118.18
33.82,-118.11
37.86,-122.23
33.09,-117.14
33.77,-118.14
37.32,-122.03
35.45,-118.79
37.17,-121.84
38.54,-121.74
33.2,-117.24
34.11,-116.43
36.86,-119.77
37.24,-121.96
37.32,-122.03
33.77,-118.14
37.8,-122.44
36.84,-119.89
37.89,-122.12
37.69,-122.45
33.78,-118.15
32.77,-117.02
37.68,-121.77
37.43,-121.9
37.29,-121.89
36.83,-119.68
33.75,-117.83
37.8,-121.98
37.38,-122.09
36.97,-122.03
33.74,-116.41
37.89,-122.3
37.82,-122.0
37.68,-121.77
37.43,-121.9
33.83,-118.18
37.24,-121.73
37.83,-122.13
38.89,-121.29
32.68,-116.94
37.76,-121.24
37.84,-122.24
38.29,-122.46
35.38,-119.21
33.83,-118.39
37.87,-122.07
34.05,-117.25
33.89,-118.4
37.28,-121.95
37.51,-122.26
37.45,-122.18
37.93,-121.7
33.74,-116.41
38.81,-121.27
33.86,-116.57
39.73,-121.84
35.12,-120.62
33.82,-118.11
39.14,-121.62
38.74,-122.15
34.01,-118.47
33.12,-117.19
33.87,-118.38
38.98,-121.38
34.69,-118.15
37.46,-122.23
33.55,-117.21
37.72,-122.44
37.85,-122.01
37.82,-122.23
37.24,-121.96
37.32,-122.03
37.46,-122.23
33.76,-116.54
35.64,-120.65
37.28,-121.95
33.83,-118.18
37.45,-122.18
37.39,-122.11
33.83,-118.18
38.13,-121.27
37.76,-122.48
36.85,-121.54
37.51,-122.26
33.62,-114.59
37.81,-122.31
37.68,-121.77
34.02,-117.95
33.83,-118.18
38.03,-121.88
37.33,-121.77
32.79,-117.23
34.5,-117.19
33.62,-114.59
34.06,-117.18
38.44,-122.71
37.64,-121.87
33.91,-118.35
33.86,-116.57
32.83,-117.2
36.83,-119.7
37.93,-121.7
37.95,-121.96
37.8,-121.98
37.17,-121.84
32.84,-116.77
36.3,-119.38
37.43,-122.07
32.75,-117.17
33.62,-114.59
34.1,-117.65
38.32,-122.3
33.72,-116.34
33.18,-117.25
37.84,-122.24
37.29,-121.89
32.72,-116.88
33.62,-114.59
32.76,-117.07
34.95,-120.44
36.97,-121.99
33.2,-117.25
33.87,-117.87
38.67,-120.94
33.93,-117.55
33.83,-118.39
33.76,-116.34
37.35,-120.61
33.09,-117.05
37.32,-122.03
33.74,-116.41
33.43,-117.61
33.62,-114.59
32.96,-117.04
38.29,-122.46
32.83,-117.16
33.9,-117.73
32.77,-117.2
37.82,-122.0
37.89,-122.12
33.74,-118.39
33.72,-116.34
38.67,-120.94
37.26,-121.92
34.02,-118.11
37.26,-122.02
33.72,-116.34
37.28,-121.95
33.62,-114.59
38.0,-121.71
36.84,-119.83
37.35,-122.03
32.89,-117.07
39.73,-121.84
33.62,-114.59
39.22,-121.06
32.99,-117.27
33.62,-114.59
37.24,-121.96
33.72,-118.0
37.31,-121.99
37.5,-121.96
33.89,-118.4
37.05,-122.01
32.71,-117.24
34.07,-117.61
37.13,-121.65
34.1,-117.58
33.62,-114.59
38.23,-122.64
36.91,-119.76
33.74,-116.41
37.82,-122.0
35.49,-120.67
33.16,-117.16
33.62,-114.59
37.93,-122.53
33.69,-117.79
33.04,-116.88
39.93,-122.18
33.72,-116.34
34.15,-117.51
34.27,-119.23
38.25,-122.04
38.54,-121.74
37.89,-122.12
34.03,-117.81
37.27,-121.85
33.69,-116.41
33.52,-117.71
37.91,-121.6
34.15,-117.51
33.09,-117.05
32.74,-117.12
37.95,-121.96
33.43,-117.61
37.96,-121.29
32.9,-117.2
33.02,-117.14
32.56,-117.05
33.72,-116.34
33.76,-116.34
33.76,-116.34
32.96,-117.04
34.08,-118.04
33.16,-117.29
33.3,-116.98
35.13,-118.45
33.93,-117.95
34.1,-117.72
34.23,-118.24
32.84,-116.97
37.79,-122.42
33.16,-117.29
39.73,-121.84
33.55,-117.64
32.84,-116.97
38.13,-122.2
32.61,-117.04
32.79,-116.96
34.69,-118.15
34.69,-118.15
33.2,-117.25
32.9,-117.2
38.36,-121.99
33.16,-117.16
32.61,-117.04
32.77,-117.02
37.39,-122.02
33.19,-117.3
32.96,-117.04
32.96,-117.04
32.64,-117.06
32.77,-117.14
33.49,-117.15
33.16,-117.29
33.72,-116.34
32.94,-117.21
33.74,-116.41
32.79,-117.23
33.74,-116.41
33.72,-116.34
32.83,-117.16
33.72,-116.34
33.09,-117.05
36.97,-122.03
37.01,-121.57
33.19,-117.3
33.72,-116.34
37.33,-121.77
34.0,-117.06
37.93,-121.7
37.91,-122.07
32.83,-117.2
32.6,-116.9
32.83,-117.27
33.38,-117.25
32.6,-116.9
33.79,-117.98
32.97,-117.11
32.96,-117.04
33.69,-116.41
33.02,-117.14
33.09,-117.14
37.69,-121.91
33.74,-116.41
32.96,-117.04
32.83,-117.27
32.61,-117.04
37.26,-121.88
33.09,-117.14
32.97,-117.11
32.94,-117.21
33.18,-117.25
33.76,-116.54
33.09,-117.05
37.01,-121.57
33.61,-117.64
33.82,-118.11
37.94,-122.39
33.75,-117.86
32.83,-117.2
35.37,-119.13
33.9,-117.63
34.2,-118.87
32.94,-117.21
32.89,-117.07
33.2,-117.24
34.2,-118.87
37.78,-122.46
33.5,-117.66
37.28,-121.95
37.77,-122.44
33.49,-117.15
33.8,-117.99
36.84,-119.83
33.2,-117.38
33.83,-118.39
33.75,-118.08
33.99,-118.33
33.94,-117.23
38.4,-122.82
32.84,-116.97
33.74,-116.41
37.84,-121.21
33.5,-117.56
33.43,-117.61
32.84,-116.97
33.89,-118.4
33.66,-117.97
39.04,-122.92
33.72,-116.34
32.84,-116.97
33.82,-118.04
38.68,-121.77
33.84,-117.54
37.63,-122.05
32.79,-117.07
32.76,-117.07
32.77,-117.02
34.5,-117.19
37.9,-122.28
33.61,-117.67
32.77,-117.02
32.72,-117.13
33.66,-117.59
33.12,-117.09
34.39,-118.59
32.79,-117.07
32.99,-117.27
33.04,-117.29
33.82,-118.04
32.71,-117.24
38.87,-121.13
33.1,-117.25
33.8,-117.99
37.68,-121.77
33.66,-117.59
32.96,-117.04
32.76,-117.07
32.79,-116.96
37.65,-122.42
32.77,-117.02
33.43,-117.61
33.66,-117.97
37.12,-120.26
33.59,-117.7
39.04,-122.92
32.8,-116.97
38.73,-120.8
33.61,-117.67
33.04,-116.88
33.02,-117.14
32.96,-117.04
34.5,-117.19
33.46,-117.67
36.3,-119.38
33.86,-118.18
39.76,-121.62
33.84,-118.01
33.61,-117.67
33.75,-117.83
32.74,-117.12
32.83,-117.2
37.86,-122.23
37.94,-121.94
32.92,-117.14
34.15,-117.97
34.15,-118.81
32.72,-117.16
34.03,-118.78
34.05,-116.58
37.88,-122.46
38.68,-121.77
32.83,-117.27
33.93,-118.02
38.44,-122.8
37.32,-122.03
33.74,-116.41
33.1,-117.25
34.16,-118.05
37.66,-122.03
38.06,-122.7
34.5,-117.19
38.69,-121.08
37.5,-121.96
32.75,-117.17
37.89,-122.12
32.83,-117.16
37.8,-121.0
36.97,-121.99
33.62,-114.59
36.97,-121.99
34.16,-117.26
37.86,-122.23
33.5,-117.66
38.69,-121.08
37.39,-122.08
38.69,-121.08
32.97,-117.11
34.07,-117.4
36.85,-121.4
33.02,-117.2
33.68,-117.91
37.05,-122.07
33.09,-117.05
34.1,-117.58
32.71,-117.24
33.92,-117.16
37.96,-121.29
36.98,-121.9
35.0,-117.65
32.83,-117.2
37.69,-121.91
33.78,-117.23
37.24,-121.83
37.28,-121.95
34.16,-117.4
37.43,-122.07
33.04,-116.88
33.85,-118.13
38.32,-122.3
37.79,-122.42
32.86,-117.2
37.39,-121.9
33.87,-117.87
32.71,-117.24
38.96,-122.63
37.77,-120.85
32.86,-117.2
37.55,-122.27
34.37,-118.61
38.41,-122.95
38.0,-121.71
33.72,-118.05
33.64,-117.61
36.75,-119.71
33.64,-117.61
35.34,-119.03
32.83,-117.27
37.82,-122.0
33.62,-114.59
36.97,-122.03
37.43,-122.07
32.71,-117.24
32.8,-116.97
32.94,-117.21
33.26,-117.28
33.85,-118.15
34.09,-117.91
38.4,-122.82
33.65,-117.84
38.82,-121.19
34.1,-117.65
33.53,-117.11
36.83,-119.68
37.38,-122.09
37.29,-121.89
34.44,-118.59
34.09,-117.26
38.79,-121.23
36.86,-119.77
37.52,-122.28
39.75,-121.84
33.53,-117.11
37.68,-121.77
34.14,-118.35
37.96,-121.77
36.99,-121.96
34.2,-118.87
33.68,-117.91
36.57,-119.61
36.33,-119.65
37.68,-121.77
37.72,-122.08
33.78,-117.23
36.83,-119.7
33.65,-117.92
33.98,-117.89
37.43,-122.07
36.83,-119.7
37.97,-122.5
37.55,-122.27
38.23,-121.42
35.68,-119.23
33.75,-117.99
38.23,-122.32
36.82,-119.76
33.94,-118.13
34.95,-120.44
35.28,-120.66
37.29,-121.89
38.17,-122.26
36.83,-119.68
37.85,-122.27
34.15,-117.47
34.08,-117.47
37.58,-122.32
37.83,-122.26
36.83,-119.7
34.03,-117.58
38.79,-121.23
36.96,-120.06
37.73,-122.38
33.98,-117.52
34.14,-118.04
38.67,-120.99
37.64,-121.87
37.29,-121.89
39.11,-121.13
33.67,-117.33
37.68,-122.49
34.3,-119.22
37.29,-121.89
36.83,-119.68
36.83,-119.68
37.29,-121.89
36.83,-119.7
37.8,-121.98
33.84,-118.01
37.32,-122.03
33.63,-117.87
34.18,-118.95
40.59,-122.39
37.43,-122.07
34.49,-117.42
34.28,-118.79
38.36,-121.99
33.98,-117.52
34.14,-118.0
34.28,-118.71
38.06,-122.5
37.38,-122.14
36.82,-119.76
37.77,-122.44
37.35,-121.88
38.06,-122.5
33.58,-117.16
37.77,-122.41
33.93,-117.95
37.39,-122.08
38.4,-122.75
37.24,-121.83
36.86,-119.77
37.35,-121.88
37.77,-122.44
37.84,-122.24
34.01,-117.68
37.78,-122.46
36.21,-119.35
37.77,-122.44
37.95,-122.02
38.81,-121.27
37.98,-122.3
37.99,-122.01
37.77,-122.44
37.29,-121.89
34.44,-119.83
33.88,-117.54
34.3,-119.22
37.35,-122.03
34.01,-117.68
34.22,-119.04
34.12,-117.85
37.81,-122.24
37.92,-122.34
38.58,-121.53
34.1,-117.66
33.83,-117.85
38.52,-121.97
37.77,-122.44
36.33,-119.29
37.32,-122.03
34.02,-118.11
38.45,-121.82
34.59,-118.18
34.01,-117.68
34.2,-118.87
33.92,-117.9
33.78,-117.23
37.91,-122.54
36.07,-119.02
34.01,-118.03
35.37,-119.13
33.94,-118.19
38.14,-120.46
37.78,-121.98
33.72,-117.91
37.38,-122.09
33.86,-116.57
33.93,-116.98
37.51,-122.26
37.79,-122.15
38.45,-121.82
33.78,-117.23
37.95,-122.06
38.03,-121.88
36.3,-119.38
36.3,-119.78
33.93,-117.95
36.3,-119.38
37.77,-122.44
37.77,-122.44
37.9,-122.28
38.73,-120.8
37.75,-122.42
36.71,-119.56
36.91,-119.76
37.33,-121.92
38.0,-121.32
37.38,-122.14
37.29,-121.89
37.51,-122.26
34.12,-117.85
34.07,-117.61
37.42,-122.05
37.39,-122.08
37.42,-122.17
37.42,-122.17
38.81,-121.27
37.73,-121.43
37.69,-122.09
38.54,-121.74
38.32,-122.3
37.42,-122.17
37.72,-122.08
37.33,-121.92
37.38,-122.09
33.92,-117.25
37.91,-122.69
33.88,-117.54
37.37,-121.76
37.64,-121.87
34.59,-118.18
37.52,-122.28
37.45,-122.18
37.38,-122.09
37.42,-122.17
37.39,-121.89
37.53,-122.04
37.91,-122.69
37.94,-122.39
36.83,-119.68
37.39,-122.08
39.55,-121.76
36.86,-119.77
36.83,-119.7
33.67,-117.75
37.93,-121.7
33.57,-117.73
37.63,-122.41
36.68,-119.93
37.84,-121.21
33.9,-117.73
37.43,-122.25
38.51,-122.47
34.1,-117.77
37.37,-122.02
37.92,-122.34
37.76,-122.48
37.85,-122.01
36.3,-119.38
33.93,-117.95
39.14,-121.62
33.92,-118.01
33.52,-117.71
38.32,-122.3
37.89,-122.12
37.96,-121.77
37.35,-121.95
37.93,-121.7
36.84,-119.89
33.9,-117.73
38.44,-122.4
37.39,-122.08
37.43,-122.07
34.28,-118.79
37.42,-122.17
33.94,-118.13
38.51,-122.47
33.55,-117.21
37.46,-122.2
38.32,-122.3
37.38,-122.09
37.51,-122.26
37.38,-122.24
37.51,-121.91
39.73,-121.84
39.73,-121.84
33.86,-118.06
39.45,-122.03
37.38,-122.09
36.84,-119.83
33.89,-117.27
33.64,-117.61
39.6,-122.03
37.26,-122.02
38.03,-122.03
38.79,-121.23
37.84,-122.24
37.42,-122.05
36.33,-119.65
34.08,-118.14
34.29,-118.88
37.38,-122.09
33.78,-117.23
37.91,-122.54
37.69,-122.09
38.23,-122.32
37.77,-120.85
37.29,-121.89
33.49,-117.15
37.77,-122.21
37.39,-121.89
37.39,-122.11
38.44,-122.71
37.33,-119.65
37.93,-121.7
36.84,-119.8
36.82,-119.76
39.6,-122.03
37.39,-122.08
37.39,-122.11
38.89,-121.29
35.64,-120.65
37.08,-121.61
34.07,-117.61
37.45,-122.18
37.38,-122.09
33.63,-117.87
37.86,-122.23
37.29,-121.89
35.64,-120.65
37.38,-122.14
37.29,-121.89
37.43,-122.07
37.51,-122.26
37.42,-122.17
37.84,-122.24
37.52,-122.34
36.71,-119.56
37.38,-122.09
33.81,-118.35
37.9,-122.26
37.39,-122.08
36.83,-119.68
37.91,-122.69
36.6,-121.89
37.38,-122.09
35.64,-120.65
37.81,-122.27
33.75,-118.08
33.88,-117.23
37.98,-122.34
37.13,-121.65
37.38,-122.09
37.28,-121.69
37.43,-122.07
37.38,-122.09
37.29,-121.89
38.44,-122.71
33.75,-117.99
37.41,-122.02
37.6,-122.04
37.35,-122.03
37.35,-122.03
36.84,-119.83
38.54,-121.74
38.68,-121.77
34.44,-118.46
34.06,-118.4
37.97,-122.5
34.03,-118.5
37.92,-122.34
36.33,-119.65
37.35,-122.03
37.91,-122.69
37.97,-122.56
34.58,-118.12
37.94,-122.39
34.35,-119.06
34.03,-118.78
34.09,-118.6
37.39,-122.02
34.04,-117.66
38.0,-121.81
37.38,-122.09
33.69,-117.82
38.29,-122.46
33.74,-117.81
37.8,-121.0
37.32,-121.94
37.6,-122.04
33.86,-118.06
37.96,-121.29
36.3,-119.38
37.51,-122.26
34.05,-117.25
38.74,-120.67
34.03,-118.7
37.35,-121.88
38.54,-121.74
34.07,-117.16
36.97,-122.03
38.81,-121.27
39.6,-122.03
37.35,-122.03
37.77,-122.44
34.59,-117.82
37.87,-122.07
34.03,-118.47
37.88,-122.27
34.5,-117.19
37.43,-121.9
34.01,-118.47
34.03,-118.5
34.21,-118.2
37.77,-122.44
37.76,-122.15
37.01,-121.57
38.29,-122.46
34.07,-117.16
37.17,-121.84
38.12,-122.55
33.64,-117.68
37.8,-121.98
36.82,-119.76
37.66,-122.03
33.68,-117.91
38.04,-121.23
37.77,-122.44
36.79,-119.75
34.04,-118.51
37.92,-122.34
33.9,-117.39
38.54,-121.74
34.23,-118.24
38.32,-122.3
33.72,-116.34
33.77,-118.14
37.38,-122.24
37.39,-122.11
33.74,-116.41
37.89,-122.12
37.13,-121.65
37.75,-122.42
37.64,-121.87
36.83,-119.68
37.89,-122.12
37.31,-121.99
33.62,-114.59
37.41,-122.02
33.82,-118.11
37.38,-122.24
34.03,-118.78
33.99,-118.37
36.86,-119.77
33.77,-118.14
37.17,-121.84
33.83,-118.18
35.97,-119.29
37.77,-122.21
37.69,-121.91
33.82,-118.11
38.61,-122.87
34.44,-118.59
33.81,-118.22
38.54,-121.74
37.53,-122.04
38.82,-121.19
33.8,-118.12
38.79,-121.23
32.84,-116.77
37.43,-121.9
38.44,-122.67
36.75,-119.71
36.86,-120.46
33.74,-116.41
36.51,-119.55
38.25,-122.04
33.74,-118.39
36.51,-119.55
37.24,-121.83
37.17,-121.84
34.43,-118.52
37.8,-121.98
36.86,-119.77
33.75,-117.83
34.11,-117.37
36.86,-120.46
33.92,-118.13
37.26,-122.02
37.68,-121.77
37.5,-121.96
33.83,-118.18
38.25,-122.04
34.01,-117.68
34.11,-117.37
35.11,-119.02
37.26,-121.88
37.94,-121.94
36.84,-119.83
37.26,-121.92
34.09,-118.33
37.77,-122.21
37.33,-121.92
33.7,-116.98
38.36,-121.99
38.13,-121.27
38.45,-121.82
33.88,-117.9
37.23,-121.78
37.38,-122.09
34.04,-118.51
37.38,-122.09
36.3,-119.14
37.93,-122.53
36.3,-119.38
35.37,-119.02
34.4,-119.73
37.43,-121.9
37.43,-121.9
33.71,-117.95
38.29,-122.46
37.43,-121.9
37.88,-122.18
37.93,-122.53
37.77,-122.44
37.77,-122.44
37.43,-121.9
33.52,-117.71
34.01,-117.68
37.43,-121.9
34.15,-117.51
37.77,-122.44
34.27,-117.21
34.5,-117.19
34.1,-117.66
34.5,-117.19
37.77,-122.44
34.01,-118.47
37.43,-121.9
37.43,-121.9
34.15,-118.81
37.77,-122.44
37.77,-122.44
34.14,-118.04
37.78,-121.98
37.13,-121.65
37.77,-122.44
37.43,-121.9
37.43,-121.9
37.43,-121.9
34.04,-118.51
