lat,lon
37.38,-122.14
37.17,-121.84
38.47,-122.75
33.9,-117.73
37.51,-121.91
33.75,-117.87
33.9,-118.08
34.15,-117.47
37.68,-121.77
33.9,-117.8
33.69,-116.41
34.59,-118.18
33.9,-117.93
37.72,-122.44
33.53,-117.71
34.4,-119.3
38.54,-121.74
37.13,-121.65
34.01,-117.68
37.13,-121.65
37.26,-122.02
33.61,-117.64
37.89,-122.12
37.73,-122.46
37.76,-122.4
37.93,-121.7
33.74,-116.41
37.01,-121.57
34.11,-117.81
38.81,-121.27
38.32,-122.3
37.45,-122.18
33.75,-118.08
34.03,-117.81
37.17,-121.84
33.75,-118.13
38.47,-122.89
33.85,-118.15
36.33,-119.65
37.13,-121.65
33.74,-117.48
33.64,-117.84
33.8,-118.07
37.85,-122.01
37.17,-121.84
36.33,-119.65
33.72,-118.0
37.17,-121.84
34.07,-117.61
36.33,-119.65
33.65,-117.92
37.38,-122.14
34.13,-116.31
33.64,-117.84
33.9,-118.08
37.42,-120.14
33.9,-118.16
37.51,-122.26
34.42,-119.71
37.17,-121.84
37.5,-122.47
37.8,-122.21
37.17,-121.84
37.17,-121.84
34.08,-117.47
38.11,-122.57
33.79,-117.93
37.46,-122.2
37.29,-121.89
37.69,-122.16
33.93,-118.02
37.26,-121.92
37.7,-121.94
33.79,-117.98
33.71,-117.08
37.95,-122.06
37.17,-121.84
33.93,-117.95
37.13,-121.65
37.17,-121.84
36.3,-119.38
37.17,-121.84
34.37,-118.47
33.69,-117.79
37.13,-121.65
33.87,-117.93
37.7,-121.94
37.76,-122.4
37.4,-121.86
37.58,-122.32
37.64,-121.87
33.55,-117.21
34.14,-118.66
38.47,-122.59
33.66,-117.97
33.82,-117.83
33.72,-116.34
37.17,-121.84
39.73,-121.84
39.52,-122.19
37.17,-121.84
38.47,-122.59
38.47,-122.75
33.94,-118.33
34.1,-117.29
33.74,-116.41
37.1,-119.32
37.13,-121.65
34.69,-118.15
34.03,-118.78
33.74,-116.41
37.17,-121.84
38.54,-121.74
33.72,-116.34
33.55,-117.21
37.37,-121.76
37.76,-122.43
37.17,-121.84
37.17,-121.84
40.59,-122.39
33.72,-116.34
37.78,-121.98
37.73,-122.46
33.9,-117.73
38.4,-122.82
34.46,-119.81
37.35,-122.03
33.74,-116.41
37.26,-121.92
33.69,-116.41
37.32,-122.03
37.13,-121.65
37.77,-120.85
33.71,-117.08
37.13,-121.65
38.36,-121.99
33.79,-117.98
37.38,-122.09
37.81,-122.24
34.28,-118.71
33.93,-117.55
40.59,-122.39
37.17,-121.84
36.85,-121.54
37.24,-121.73
38.11,-122.57
37.46,-122.2
34.12,-117.85
37.17,-121.84
35.62,-117.67
37.46,-122.43
33.68,-117.91
37.26,-122.02
37.51,-122.26
38.82,-121.19
34.14,-117.98
34.1,-117.31
37.24,-121.83
37.41,-122.29
37.13,-121.65
38.82,-121.19
37.26,-121.88
38.99,-121.1
33.8,-117.15
37.39,-122.11
37.13,-121.65
33.55,-117.21
37.77,-120.85
33.66,-117.97
33.76,-116.34
37.78,-121.98
35.45,-118.79
37.17,-121.84
33.52,-117.71
37.68,-121.77
37.13,-121.65
33.76,-116.54
33.54,-117.78
33.82,-117.83
34.14,-117.61
37.75,-122.42
34.13,-117.21
36.97,-121.99
38.44,-122.71
35.62,-117.67
33.87,-118.33
33.76,-116.34
34.22,-119.04
37.72,-122.41
33.65,-117.92
33.72,-116.34
34.49,-117.42
35.77,-119.25
33.66,-117.59
36.99,-121.96
37.01,-121.57
37.45,-122.18
33.58,-117.16
33.68,-118.01
33.55,-117.21
33.61,-117.64
34.14,-118.66
33.58,-117.16
33.72,-116.34
33.66,-117.59
34.21,-119.17
33.9,-117.93
33.97,-116.98
37.37,-122.02
34.08,-118.01
34.59,-118.18
33.8,-117.77
33.69,-116.34
33.75,-117.83
33.69,-117.79
35.35,-119.06
33.72,-116.34
37.13,-121.65
33.75,-118.13
33.85,-118.15
33.73,-118.0
33.76,-116.34
36.97,-121.99
37.41,-122.02
34.03,-118.78
36.3,-119.38
33.79,-117.93
33.74,-116.41
37.95,-121.96
37.43,-122.25
34.15,-117.47
34.18,-118.91
33.53,-117.11
37.04,-121.99
33.49,-117.15
33.76,-116.34
33.86,-116.57
37.53,-122.04
33.61,-117.67
33.78,-116.47
33.61,-117.64
33.72,-116.34
36.33,-119.29
33.75,-117.99
35.77,-119.25
34.4,-119.3
37.68,-121.77
33.86,-116.57
37.13,-121.65
33.9,-117.8
37.05,-122.01
37.28,-121.95
34.09,-117.26
37.89,-122.12
33.71,-117.08
33.72,-116.34
35.96,-119.04
37.38,-122.09
37.72,-122.17
33.74,-117.81
34.61,-120.08
34.09,-117.86
37.83,-122.2
39.73,-121.84
33.67,-117.75
37.28,-121.69
34.03,-117.81
33.88,-118.12
33.85,-118.12
34.69,-118.15
33.8,-117.77
34.5,-117.19
37.51,-122.26
38.89,-121.29
34.09,-117.86
33.76,-116.54
34.06,-117.18
37.13,-121.65
34.69,-118.15
33.55,-117.21
33.61,-117.64
37.97,-122.5
36.33,-119.29
33.9,-117.63
33.69,-117.82
33.69,-116.41
33.99,-118.4
33.79,-117.93
33.9,-118.16
33.9,-117.73
34.41,-118.42
33.76,-116.34
38.19,-120.83
34.01,-117.68
34.03,-117.81
33.86,-116.57
33.9,-117.93
33.85,-118.15
33.76,-116.34
38.06,-122.7
34.14,-117.61
34.15,-117.51
33.84,-117.54
33.72,-116.34
33.72,-116.34
33.49,-117.15
33.84,-117.54
33.69,-117.79
33.9,-117.8
34.04,-118.12
33.99,-118.4
33.86,-118.06
36.33,-119.29
38.45,-121.82
33.55,-117.21
33.93,-117.95
33.92,-118.01
33.78,-117.23
33.83,-118.18
34.04,-117.66
36.98,-121.95
33.75,-118.08
33.8,-118.12
34.44,-118.59
33.75,-118.13
33.64,-117.84
37.39,-122.11
34.08,-118.04
34.15,-118.76
33.76,-116.34
34.5,-118.33
36.3,-119.38
33.91,-118.35
34.11,-117.37
33.71,-117.77
37.68,-121.77
33.72,-116.34
37.13,-121.65
33.79,-118.03
33.74,-116.41
33.74,-118.39
34.1,-117.77
33.69,-116.41
34.07,-117.13
34.37,-118.47
37.75,-122.42
33.86,-116.57
33.72,-116.34
37.26,-122.02
35.13,-118.45
33.74,-118.39
37.41,-122.29
33.69,-117.79
33.83,-118.18
37.51,-122.26
33.85,-118.12
33.76,-116.34
37.37,-121.76
34.19,-118.13
34.01,-118.5
34.28,-118.71
33.93,-117.95
33.99,-118.09
34.13,-117.21
34.09,-117.96
34.08,-117.74
34.19,-118.13
33.71,-117.95
36.07,-119.02
33.85,-118.26
33.62,-114.59
33.74,-117.81
33.62,-117.93
33.97,-117.26
34.86,-118.16
33.58,-117.16
37.79,-122.15
34.03,-117.81
33.66,-117.97
33.88,-118.12
38.12,-122.55
33.86,-116.57
33.64,-117.61
37.51,-121.91
34.06,-117.18
34.1,-117.77
37.05,-122.01
37.95,-122.06
33.98,-117.52
34.14,-118.0
37.73,-121.43
33.99,-118.09
34.28,-118.71
37.31,-121.96
37.17,-121.84
33.76,-116.54
37.77,-122.44
34.01,-117.68
37.9,-122.26
33.58,-117.16
37.24,-121.83
33.93,-117.95
37.92,-122.34
34.12,-117.85
36.3,-119.78
36.3,-119.78
33.72,-117.91
36.71,-120.11
37.92,-122.34
37.77,-122.44
34.05,-117.44
38.45,-121.82
33.91,-118.35
33.88,-117.54
36.85,-121.4
33.85,-118.12
34.15,-118.81
33.74,-116.41
34.59,-118.18
34.05,-117.44
37.77,-122.44
38.81,-121.27
36.21,-119.35
38.29,-122.46
37.77,-122.44
34.3,-119.22
34.04,-117.66
33.98,-118.45
37.77,-122.44
37.73,-121.43
37.93,-121.7
37.73,-121.43
34.22,-119.04
33.86,-116.57
37.35,-120.61
36.83,-119.68
34.44,-119.83
37.77,-122.44
37.95,-122.02
33.86,-116.57
33.93,-116.98
33.78,-117.23
39.76,-121.62
33.75,-117.99
38.83,-121.01
37.28,-121.95
37.35,-122.03
36.33,-119.65
37.4,-121.86
38.55,-122.82
35.68,-119.23
38.81,-123.02
33.65,-117.92
34.28,-118.79
37.24,-121.96
36.66,-119.59
37.88,-122.46
34.14,-118.35
37.85,-122.27
33.72,-116.34
33.9,-118.32
34.09,-117.91
33.65,-117.84
34.1,-117.65
33.74,-116.41
38.81,-121.27
40.18,-122.24
38.68,-121.77
36.07,-119.02
34.5,-117.19
34.28,-118.79
37.68,-121.77
37.77,-122.44
36.84,-119.83
37.67,-122.1
33.93,-117.95
38.36,-121.99
33.69,-116.41
34.26,-118.71
37.95,-122.53
33.94,-118.19
33.72,-116.27
37.77,-122.44
34.1,-117.66
37.45,-122.18
33.83,-117.85
37.29,-121.89
34.5,-117.19
34.01,-118.03
36.99,-121.96
37.9,-122.28
34.59,-118.18
33.85,-118.15
34.01,-117.68
38.47,-122.59
37.77,-122.44
33.87,-117.87
37.85,-122.01
33.71,-117.95
34.15,-117.51
34.43,-118.52
37.93,-121.7
38.32,-122.3
34.22,-117.39
34.11,-117.37
33.92,-118.13
34.69,-118.15
34.04,-117.66
33.76,-116.54
35.64,-120.65
33.93,-116.98
37.6,-122.04
37.36,-118.4
33.74,-117.81
33.62,-114.59
34.0,-117.98
34.58,-118.12
34.02,-117.95
33.86,-116.57
37.6,-122.04
33.91,-118.35
34.44,-119.83
34.06,-117.18
34.0,-117.43
33.76,-116.34
38.25,-122.04
33.76,-116.54
34.07,-117.16
37.17,-121.84
33.78,-116.47
33.9,-117.63
34.44,-118.59
34.06,-117.18
33.68,-118.01
37.26,-121.88
33.72,-116.34
33.74,-116.41
34.11,-116.43
38.44,-122.67
33.62,-114.59
34.59,-118.18
34.01,-117.68
34.07,-117.16
36.75,-119.71
34.44,-118.59
38.36,-121.99
34.06,-117.18
33.88,-117.9
33.8,-118.12
33.58,-117.16
37.17,-121.84
33.74,-116.41
38.44,-122.71
38.68,-121.77
33.62,-114.59
37.92,-122.34
34.16,-118.08
37.77,-122.44
34.15,-117.51
34.18,-116.87
36.3,-119.14
36.37,-119.03
37.94,-121.94
37.77,-122.44
37.88,-122.18
34.22,-119.04
34.5,-117.19
33.49,-117.15
33.72,-116.34
37.77,-122.44
37.39,-122.11
38.52,-121.97
37.77,-122.44
33.52,-117.71
34.4,-119.73
33.8,-117.15
37.82,-122.0
33.95,-118.31
34.51,-117.91
37.77,-122.44
34.27,-117.21
37.77,-122.44
36.3,-119.38
37.43,-121.9
33.55,-117.21
34.05,-117.25
37.76,-121.24
37.01,-121.57
34.07,-117.16
33.64,-117.68
33.74,-116.41
37.77,-122.44
33.68,-117.91
37.77,-122.44
39.14,-121.62
33.9,-117.39
33.86,-116.57
33.74,-116.41
37.77,-122.44
34.07,-117.16
34.05,-117.25
33.62,-114.59
37.77,-122.44
34.5,-117.19
34.5,-117.19
33.86,-116.57
36.84,-119.83
36.33,-119.29
34.5,-117.19
36.84,-119.83
34.44,-118.59
37.95,-121.96
33.94,-117.23
34.07,-117.16
36.97,-122.03
37.24,-121.96
37.24,-121.96
36.97,-121.99
33.62,-114.59
39.75,-122.2
37.29,-121.89
37.64,-121.87
38.4,-122.36
38.55,-122.82
38.32,-122.3
33.92,-118.01
37.04,-121.99
38.4,-122.82
37.88,-122.03
33.72,-116.34
37.64,-121.87
36.84,-119.83
37.38,-122.14
37.33,-121.77
34.07,-117.61
37.23,-121.78
33.62,-114.59
37.88,-122.03
37.24,-121.73
37.64,-121.87
33.62,-114.59
37.64,-121.87
34.03,-117.81
39.16,-122.91
37.63,-122.05
37.24,-121.96
34.27,-119.23
37.77,-122.21
37.7,-121.94
37.79,-122.44
36.81,-119.71
34.21,-119.17
37.33,-119.65
38.23,-122.64
37.29,-121.89
37.68,-121.77
35.49,-120.67
33.71,-117.77
37.97,-122.56
37.74,-121.14
37.63,-122.41
37.93,-121.7
37.17,-121.84
36.98,-121.9
33.88,-117.54
36.97,-122.03
37.69,-121.91
38.44,-122.71
33.76,-116.34
37.69,-121.91
33.62,-114.59
36.3,-119.38
33.74,-116.41
37.32,-122.03
33.93,-117.95
33.72,-116.34
37.13,-121.65
37.29,-121.89
34.49,-117.3
37.17,-121.84
37.39,-122.11
38.74,-121.18
33.74,-116.41
33.57,-117.73
34.0,-117.06
37.24,-121.96
39.73,-121.84
34.22,-119.04
37.93,-121.7
37.26,-122.02
38.14,-120.46
37.54,-122.51
33.72,-116.34
38.55,-122.82
37.93,-121.7
37.13,-121.65
37.13,-121.65
38.73,-120.8
37.17,-121.84
38.82,-121.19
33.72,-116.34
38.55,-122.82
38.73,-120.8
37.52,-122.28
37.59,-121.89
37.64,-121.87
33.92,-118.01
34.02,-118.11
38.42,-122.96
33.72,-116.34
33.74,-118.39
33.9,-117.73
34.08,-117.69
37.68,-121.77
37.68,-121.77
38.58,-120.55
37.57,-122.38
33.9,-117.73
37.83,-122.2
36.97,-122.03
37.3,-121.81
37.7,-121.94
38.73,-120.8
38.73,-120.8
36.97,-122.03
33.69,-116.41
37.26,-121.92
36.75,-119.71
37.17,-121.84
38.29,-122.46
34.08,-117.47
38.23,-122.64
34.03,-117.58
34.69,-118.15
33.74,-116.41
34.29,-118.88
35.62,-117.67
37.38,-122.24
37.45,-122.18
38.45,-121.82
33.93,-118.02
33.49,-117.15
37.46,-122.2
37.17,-121.84
37.32,-122.03
34.05,-116.58
37.91,-122.28
38.44,-122.71
33.71,-117.77
37.72,-122.44
37.32,-122.03
38.44,-122.71
38.47,-122.59
37.39,-122.11
33.94,-118.13
38.96,-122.63
37.89,-122.12
35.38,-119.21
36.83,-119.7
37.38,-122.24
33.85,-118.13
37.26,-121.88
34.21,-119.17
33.67,-117.33
34.3,-119.22
33.84,-118.01
37.78,-121.98
35.0,-117.65
37.04,-121.99
37.58,-122.35
33.63,-117.87
33.87,-117.87
37.17,-121.84
34.09,-118.6
34.18,-118.95
37.29,-121.89
37.92,-122.31
33.98,-117.52
33.62,-114.59
38.69,-121.08
34.15,-117.97
37.4,-121.86
37.68,-121.77
36.53,-121.83
36.99,-121.96
38.4,-122.75
38.81,-121.27
35.14,-119.46
37.68,-121.77
37.26,-121.88
33.62,-114.59
38.82,-121.19
37.17,-121.84
37.68,-121.77
37.85,-122.01
33.88,-117.23
33.81,-118.35
33.62,-114.59
37.72,-122.17
37.7,-121.94
38.25,-122.04
37.74,-121.14
33.62,-114.59
38.73,-120.8
37.77,-122.21
37.79,-122.44
33.74,-116.41
36.97,-121.99
37.64,-121.87
34.07,-117.61
34.1,-117.29
39.76,-121.62
34.5,-117.19
38.44,-122.8
34.08,-118.14
38.61,-122.87
37.24,-121.83
37.4,-121.86
34.07,-117.4
33.86,-118.06
38.32,-122.3
37.28,-121.69
38.82,-120.94
37.24,-121.83
36.91,-121.76
33.62,-114.59
37.24,-121.83
36.3,-119.78
38.1,-122.86
38.68,-121.77
38.36,-121.99
34.1,-117.72
38.89,-121.29
33.85,-118.15
38.41,-122.55
34.1,-117.58
38.51,-122.47
39.94,-120.95
36.3,-119.38
36.86,-119.77
33.55,-117.21
37.84,-121.21
32.84,-116.97
38.4,-122.82
33.61,-117.67
38.68,-121.77
32.74,-117.12
33.2,-117.24
32.83,-117.2
38.32,-122.3
38.61,-122.87
32.72,-117.17
37.86,-122.49
37.96,-121.29
32.71,-117.24
37.57,-122.38
32.86,-117.2
32.71,-117.24
37.24,-121.83
32.71,-117.24
32.84,-116.97
39.04,-122.92
37.76,-122.43
33.22,-117.03
37.37,-121.76
32.8,-116.97
37.29,-121.83
33.1,-117.25
37.24,-121.83
35.37,-119.13
37.33,-121.77
32.74,-117.2
36.57,-119.61
37.94,-122.39
35.4,-118.98
32.79,-117.07
37.63,-122.05
32.84,-116.97
37.29,-121.83
37.4,-121.86
36.97,-122.03
32.83,-117.16
35.34,-119.03
33.5,-117.66
32.72,-117.16
38.79,-121.38
37.94,-121.94
38.12,-122.55
32.92,-117.14
37.98,-120.38
37.84,-122.24
37.66,-122.03
32.74,-117.12
37.12,-120.26
33.02,-117.2
38.69,-121.08
32.97,-117.11
38.69,-121.08
32.75,-117.17
38.69,-121.08
33.04,-116.88
37.64,-121.87
37.7,-121.94
37.88,-122.46
32.8,-116.97
36.96,-120.06
37.73,-121.43
32.86,-117.2
38.0,-121.71
37.8,-121.98
38.41,-122.95
37.77,-120.85
36.84,-119.83
37.05,-122.07
38.47,-122.75
37.76,-122.43
38.36,-122.52
38.44,-122.8
38.81,-122.56
38.11,-122.57
32.83,-117.27
38.98,-122.84
38.06,-122.7
32.77,-117.02
37.12,-120.26
39.04,-122.92
38.4,-122.82
37.76,-122.15
38.23,-122.32
35.64,-120.65
35.37,-119.02
33.0,-117.07
33.0,-117.07
32.89,-117.07
41.75,-123.32
33.2,-117.38
32.64,-117.06
33.38,-117.25
33.02,-117.2
32.97,-117.11
32.97,-117.11
32.77,-117.02
37.74,-121.43
32.84,-116.97
37.75,-122.42
32.83,-117.2
33.3,-116.98
32.6,-116.9
37.8,-122.44
32.86,-116.92
32.81,-117.13
32.94,-117.21
37.26,-122.02
33.04,-117.29
32.94,-117.21
32.81,-117.13
38.51,-122.47
38.81,-123.02
32.74,-117.0
38.32,-122.3
32.74,-117.03
38.23,-122.32
38.51,-122.47
36.33,-119.65
37.8,-121.98
33.52,-117.71
37.86,-122.23
32.96,-117.04
37.95,-122.56
32.73,-117.1
32.75,-117.17
37.01,-121.57
33.1,-117.25
37.68,-121.77
38.41,-122.55
33.12,-117.09
32.72,-117.13
37.9,-122.28
32.69,-117.19
33.09,-117.05
37.65,-122.42
32.6,-116.9
32.84,-116.97
32.73,-117.16
32.73,-117.16
33.19,-117.3
39.31,-123.8
32.81,-117.04
35.75,-120.7
35.59,-119.34
32.86,-116.92
37.76,-122.43
37.31,-121.99
32.61,-117.04
32.96,-117.27
37.32,-122.03
32.77,-117.12
32.81,-117.04
38.67,-120.94
39.73,-121.84
37.32,-122.03
33.61,-117.64
37.32,-122.03
37.35,-122.03
32.6,-116.9
32.66,-117.04
35.28,-120.66
33.38,-117.25
32.77,-117.02
32.83,-117.16
36.97,-121.99
36.97,-121.99
37.74,-122.44
37.88,-122.03
37.76,-122.4
37.26,-121.92
39.45,-123.81
37.78,-122.46
38.03,-122.55
38.03,-122.55
36.42,-121.33
37.89,-122.12
38.47,-122.75
37.85,-122.01
37.74,-121.43
40.52,-122.32
32.83,-117.16
37.51,-122.26
36.96,-120.06
36.97,-122.03
37.26,-122.02
37.75,-122.42
37.23,-119.93
39.21,-122.01
38.68,-121.77
38.34,-122.7
38.11,-122.57
38.44,-122.8
37.26,-122.02
37.29,-121.89
39.74,-122.01
33.1,-117.25
37.89,-122.12
33.09,-117.05
32.77,-117.2
38.32,-122.3
38.27,-122.11
37.28,-121.95
37.61,-122.49
37.04,-121.99
34.78,-119.99
37.61,-122.12
37.32,-122.03
32.96,-117.04
37.28,-121.95
37.81,-122.24
37.83,-122.13
38.47,-122.59
39.14,-121.62
36.68,-121.66
33.09,-117.05
38.44,-122.71
37.91,-122.54
36.86,-119.77
32.83,-117.16
37.32,-121.94
38.47,-122.59
37.24,-121.96
39.65,-121.8
38.81,-121.27
39.75,-121.84
32.8,-116.97
37.24,-121.96
37.84,-122.24
33.19,-117.3
32.83,-117.27
37.81,-122.24
37.33,-121.92
38.11,-122.57
33.43,-117.61
33.09,-117.05
37.77,-122.21
37.96,-121.77
37.96,-121.77
37.68,-121.77
37.01,-121.57
37.31,-121.96
37.26,-121.92
38.29,-122.46
32.79,-117.23
38.47,-122.75
37.74,-122.5
37.76,-121.24
38.68,-121.77
32.74,-117.12
37.78,-121.98
37.78,-122.5
36.68,-119.72
38.23,-122.64
32.83,-117.2
39.15,-121.59
32.89,-117.07
39.22,-121.06
39.73,-121.84
37.95,-122.53
37.05,-122.01
37.74,-122.44
36.91,-119.76
32.83,-117.09
37.77,-120.85
37.17,-121.84
37.68,-121.77
37.77,-122.44
35.37,-119.13
37.57,-122.38
32.99,-117.27
37.24,-121.96
37.31,-121.99
37.68,-121.77
39.45,-123.81
37.8,-121.0
38.52,-121.97
38.52,-121.97
32.75,-117.17
37.5,-121.96
32.86,-117.2
35.38,-119.21
37.72,-122.49
37.56,-122.0
37.52,-122.28
38.13,-122.2
37.13,-121.65
35.37,-119.02
32.71,-117.24
32.83,-117.27
37.05,-122.01
38.25,-122.04
38.67,-120.94
33.18,-117.25
33.42,-117.43
32.96,-117.04
34.95,-120.44
33.12,-117.09
32.79,-117.23
35.37,-119.13
38.67,-120.94
33.2,-117.25
36.97,-121.99
32.76,-117.07
37.92,-122.31
32.72,-116.88
37.72,-122.41
37.95,-122.53
38.4,-122.82
37.84,-122.24
32.72,-116.88
32.83,-117.27
33.38,-117.25
38.44,-122.71
37.4,-121.86
39.15,-123.21
37.8,-121.0
35.37,-119.02
38.25,-122.04
37.91,-121.6
37.91,-121.6
38.89,-121.29
39.93,-122.18
33.04,-116.88
32.79,-117.23
32.61,-116.47
33.59,-117.7
32.97,-117.11
32.79,-116.96
36.98,-121.9
37.91,-122.07
33.16,-117.16
36.84,-119.83
35.45,-118.79
37.33,-121.77
38.99,-121.1
39.51,-121.56
38.32,-122.3
32.97,-117.11
37.68,-121.77
33.02,-117.2
32.79,-116.96
37.78,-121.98
33.02,-117.14
32.79,-116.96
38.4,-122.75
37.77,-122.41
32.81,-117.04
37.35,-121.88
37.24,-121.83
38.06,-122.5
36.97,-122.03
32.83,-117.2
38.36,-121.99
37.35,-121.88
32.79,-116.96
33.38,-117.25
37.51,-122.26
33.12,-117.19
32.94,-117.21
32.84,-116.97
37.91,-122.54
33.38,-117.25
37.69,-122.45
32.74,-117.25
38.47,-122.75
37.61,-122.12
32.79,-117.07
32.72,-116.88
38.45,-121.82
38.52,-121.97
38.58,-121.53
38.45,-121.82
32.96,-117.27
36.3,-119.78
32.58,-117.11
38.03,-121.88
37.95,-122.06
33.19,-117.3
37.61,-122.49
38.13,-121.27
32.96,-117.04
32.99,-117.27
37.43,-121.9
33.2,-117.24
38.29,-122.46
32.8,-116.97
37.43,-121.9
32.97,-117.11
37.13,-121.65
37.43,-121.9
32.94,-117.21
33.09,-117.05
37.43,-121.9
37.93,-122.53
38.12,-122.55
32.99,-117.23
37.43,-121.9
37.43,-121.9
37.93,-122.53
32.83,-117.27
33.22,-117.11
37.43,-121.9
37.65,-122.42
33.09,-117.14
37.29,-121.89
33.04,-117.29
32.75,-117.17
32.97,-117.11
38.81,-121.27
37.95,-122.02
32.84,-116.97
32.89,-117.07
32.79,-116.96
32.71,-117.24
35.37,-119.02
37.43,-121.9
32.7,-117.12
37.43,-121.9
32.83,-117.27
37.43,-121.9
38.44,-122.71
33.47,-117.63
33.52,-117.71
32.77,-117.02
37.93,-121.7
37.85,-122.01
38.51,-122.47
38.44,-122.4
38.32,-122.3
37.73,-121.43
37.91,-122.69
37.16,-121.97
37.94,-122.39
37.38,-122.14
37.08,-121.61
35.64,-120.65
37.81,-122.27
37.13,-121.65
35.64,-120.65
33.22,-117.03
37.91,-122.69
37.84,-121.21
37.92,-122.34
38.51,-122.47
36.68,-119.93
38.0,-121.71
38.14,-120.46
37.96,-121.77
38.79,-121.23
37.29,-121.89
40.59,-122.39
35.28,-120.66
39.73,-121.84
39.6,-122.03
36.84,-119.83
38.32,-122.3
38.89,-121.29
37.91,-122.69
38.32,-122.3
37.38,-122.14
37.96,-121.77
37.76,-122.15
36.63,-119.68
36.6,-121.89
36.99,-121.96
39.6,-122.03
39.45,-122.03
37.61,-122.49
32.77,-117.2
32.79,-117.07
38.82,-121.19
33.47,-117.63
38.4,-122.82
32.89,-117.07
37.68,-121.77
33.09,-117.05
32.84,-116.77
32.83,-117.2
32.67,-117.1
37.43,-122.07
37.68,-122.49
32.83,-117.2
32.96,-117.04
36.57,-119.61
32.83,-117.16
38.23,-122.32
39.75,-121.84
37.29,-121.89
39.73,-121.84
36.33,-119.65
33.04,-116.88
37.33,-119.65
38.23,-122.32
37.91,-122.54
38.73,-120.8
38.19,-120.83
33.02,-117.2
33.2,-117.24
38.17,-122.26
37.29,-121.89
37.73,-122.38
38.67,-120.99
35.37,-119.02
33.29,-117.23
37.29,-121.89
33.04,-117.29
37.58,-122.32
32.79,-117.23
33.04,-116.88
33.04,-117.29
32.77,-117.02
38.4,-122.82
32.83,-117.09
37.76,-122.43
33.55,-117.64
37.89,-122.12
37.89,-122.12
33.1,-117.25
37.5,-121.96
38.58,-121.53
33.38,-117.25
36.85,-121.54
38.13,-121.27
32.9,-117.2
32.76,-117.07
37.94,-121.15
32.83,-117.16
32.7,-117.05
40.59,-122.39
32.66,-117.04
37.89,-122.12
37.92,-122.34
33.07,-117.3
36.33,-119.29
32.69,-117.19
32.86,-116.92
36.75,-119.71
32.77,-117.02
38.11,-122.25
32.84,-116.77
32.84,-116.77
37.89,-122.12
32.66,-117.04
33.2,-117.24
33.09,-117.14
40.59,-122.39
32.97,-117.11
37.8,-121.0
32.86,-116.92
37.17,-121.84
32.77,-117.02
38.0,-121.71
37.28,-121.95
38.74,-122.15
32.97,-117.11
32.83,-117.2
39.73,-121.84
32.96,-117.04
38.81,-121.27
33.12,-117.19
37.28,-121.95
33.22,-117.03
32.79,-117.07
32.77,-117.2
32.97,-117.11
37.41,-122.02
32.81,-117.04
37.68,-121.77
32.89,-117.07
37.26,-122.02
33.04,-117.29
36.96,-120.06
38.36,-121.99
38.74,-121.18
32.83,-117.2
37.17,-121.84
37.39,-122.11
33.5,-117.66
33.2,-117.38
37.27,-121.85
32.83,-117.16
32.96,-117.04
37.93,-121.7
37.29,-121.89
32.79,-117.23
37.31,-121.99
33.22,-117.11
32.86,-117.2
33.22,-117.11
36.75,-119.71
32.68,-116.94
36.97,-122.03
32.74,-117.0
37.43,-121.9
33.22,-117.11
32.77,-117.12
36.33,-119.65
32.84,-116.77
33.04,-116.88
37.41,-122.02
32.6,-116.9
37.32,-121.94
37.94,-122.39
32.77,-117.14
37.96,-121.29
32.94,-117.21
32.96,-117.27
37.8,-121.0
32.97,-117.11
38.29,-122.46
32.96,-117.04
38.0,-121.81
33.2,-117.24
32.83,-117.09
37.91,-122.69
32.94,-117.21
32.8,-116.97
37.43,-121.9
32.86,-117.2
39.6,-122.03
37.87,-122.07
33.22,-117.03
36.97,-122.03
32.79,-117.07
37.35,-121.88
37.39,-122.02
37.92,-122.34
32.79,-117.07
38.04,-121.23
33.1,-117.25
32.84,-116.97
37.38,-122.24
33.0,-117.07
33.09,-117.05
38.29,-122.46
32.58,-117.11
39.15,-123.21
32.76,-117.07
33.38,-117.25
36.86,-119.77
37.38,-122.24
32.77,-117.02
37.38,-122.24
32.8,-116.97
38.79,-121.23
32.79,-116.96
38.54,-121.74
32.86,-116.92
32.86,-117.2
38.61,-122.87
32.73,-117.16
37.77,-122.21
32.73,-117.1
32.86,-117.2
32.76,-117.07
37.43,-121.9
37.41,-122.02
37.68,-121.77
33.12,-117.09
35.11,-119.02
36.86,-120.46
33.09,-117.14
38.23,-122.64
32.72,-116.88
37.24,-121.83
36.51,-119.55
32.77,-117.2
38.68,-121.77
37.95,-122.56
32.86,-117.2
36.51,-119.55
32.83,-117.16
37.5,-121.96
32.75,-117.17
37.33,-121.92
38.13,-121.27
32.96,-117.04
38.25,-122.04
33.18,-117.25
37.76,-122.15
38.0,-122.29
36.83,-119.68
34.11,-117.81
37.46,-122.23
40.18,-122.24
33.2,-117.24
33.02,-117.14
33.71,-117.95
33.85,-118.12
39.93,-122.18
38.47,-122.59
33.02,-117.14
38.07,-120.54
33.55,-117.21
37.06,-120.85
35.37,-119.02
32.74,-117.0
40.18,-122.24
37.96,-121.29
37.89,-122.12
32.96,-117.04
32.84,-116.97
32.84,-116.97
39.14,-121.62
37.05,-122.07
34.95,-120.44
36.68,-121.8
38.47,-122.59
37.16,-121.97
33.43,-117.61
33.55,-117.21
37.24,-121.73
33.6,-117.28
37.85,-122.01
37.28,-121.69
38.58,-121.53
35.59,-119.34
33.55,-117.64
36.98,-121.9
38.96,-122.63
37.13,-121.65
32.69,-117.19
37.72,-122.17
37.28,-121.69
37.35,-121.88
37.8,-121.98
40.87,-124.08
33.74,-116.41
37.81,-122.24
36.48,-121.73
33.16,-117.29
33.38,-117.25
33.3,-116.98
32.62,-117.0
37.74,-121.43
38.44,-122.71
34.61,-120.08
32.96,-117.04
40.18,-122.24
32.83,-117.2
32.56,-117.05
37.83,-122.2
38.17,-122.26
39.11,-121.13
33.89,-118.4
38.79,-121.23
37.24,-121.96
37.96,-122.55
34.02,-117.87
38.55,-122.82
38.36,-121.99
38.91,-123.69
37.26,-122.02
37.17,-121.84
37.28,-121.95
38.44,-122.8
37.27,-121.85
36.97,-122.03
39.73,-121.84
33.66,-117.83
33.66,-117.59
34.11,-117.81
34.12,-117.85
33.6,-117.87
34.09,-117.86
37.43,-122.25
37.72,-122.44
34.11,-117.81
35.35,-119.06
34.1,-117.65
34.69,-118.15
33.83,-117.85
32.79,-117.07
34.1,-117.66
38.4,-122.82
34.45,-119.24
32.61,-117.04
36.98,-121.95
36.91,-121.76
33.16,-117.16
37.24,-121.83
34.14,-117.87
37.7,-121.94
38.77,-123.53
34.11,-117.81
38.13,-122.2
33.2,-117.25
38.69,-121.08
37.31,-121.02
37.43,-122.25
34.69,-118.15
37.24,-121.73
38.44,-122.71
34.69,-118.15
34.09,-117.86
37.72,-122.44
32.9,-117.2
38.44,-122.71
37.83,-122.2
34.1,-117.72
34.49,-117.3
37.68,-121.77
35.62,-117.67
33.87,-118.38
32.63,-116.95
36.91,-121.76
39.76,-121.62
35.52,-118.91
32.64,-117.06
33.16,-117.29
37.3,-121.81
32.61,-117.04
36.99,-119.86
36.75,-119.71
36.99,-119.86
34.12,-117.85
39.73,-121.84
37.5,-122.21
34.69,-118.15
38.03,-122.55
37.5,-121.96
37.51,-121.33
34.03,-117.81
38.36,-121.99
33.89,-118.4
36.83,-119.7
36.83,-119.68
37.26,-122.02
32.96,-117.04
38.32,-122.3
32.79,-116.96
37.33,-121.84
32.77,-117.02
37.39,-122.02
38.55,-122.82
33.19,-117.3
32.96,-117.04
39.73,-121.84
38.69,-121.08
37.31,-121.96
33.92,-117.9
32.83,-117.27
34.15,-118.76
37.31,-121.99
37.26,-121.88
33.02,-117.14
34.0,-117.43
37.24,-121.83
35.64,-120.65
34.09,-117.89
37.37,-121.76
37.29,-121.99
32.96,-117.04
36.83,-119.68
36.86,-120.46
41.05,-121.4
36.83,-119.68
39.73,-121.84
33.04,-116.88
33.66,-117.97
37.92,-122.31
37.92,-122.34
39.51,-121.56
38.17,-122.26
34.01,-117.68
35.39,-119.02
37.74,-120.94
36.82,-119.76
32.6,-116.9
33.88,-117.44
33.38,-117.25
33.09,-117.14
33.18,-117.25
37.26,-121.92
32.83,-117.27
32.61,-117.04
37.41,-122.29
37.39,-122.08
35.34,-119.03
33.09,-117.05
37.17,-121.84
38.12,-122.55
37.56,-122.0
38.36,-121.99
39.76,-121.62
39.52,-122.19
37.7,-121.94
37.24,-121.96
38.44,-122.71
37.69,-121.91
38.03,-122.55
37.13,-121.65
37.93,-122.53
37.68,-121.77
37.89,-122.12
37.94,-122.53
33.09,-117.14
37.87,-122.29
32.96,-117.04
37.78,-121.98
33.87,-118.38
38.32,-122.3
33.49,-117.15
32.94,-117.21
35.62,-117.67
38.29,-122.46
32.97,-117.11
38.32,-122.3
37.91,-122.54
33.66,-117.19
32.83,-117.2
32.94,-117.21
37.47,-121.13
37.79,-122.42
33.66,-116.84
37.76,-122.43
37.28,-121.95
32.77,-117.14
37.17,-121.84
38.4,-122.82
37.76,-121.24
38.36,-122.52
37.29,-121.89
37.33,-121.77
37.64,-121.87
33.04,-116.88
38.44,-122.71
37.27,-121.85
38.27,-122.11
35.38,-119.21
37.95,-122.02
37.86,-122.23
32.77,-117.02
39.09,-122.8
37.35,-120.61
36.99,-121.96
33.04,-116.88
37.26,-122.02
33.16,-117.29
34.06,-117.18
37.56,-122.0
38.44,-122.67
33.04,-116.88
37.92,-122.31
37.37,-121.76
39.28,-121.66
32.79,-116.96
37.13,-121.65
37.71,-122.12
34.43,-119.68
39.45,-123.81
36.86,-119.77
38.03,-122.55
