lat,lon
33.95,-118.31
33.64,-117.61
33.52,-117.71
32.64,-117.06
33.76,-116.54
33.9,-117.93
33.72,-116.34
33.09,-117.14
34.21,-118.2
34.01,-117.68
33.75,-117.83
34.3,-119.22
34.06,-117.18
32.83,-117.16
34.4,-119.73
32.78,-117.07
33.94,-118.19
32.77,-117.2
32.77,-117.01
33.68,-117.83
34.22,-119.04
33.76,-116.34
33.9,-117.8
33.02,-117.2
33.87,-118.38
33.72,-116.34
33.71,-117.95
34.44,-119.83
34.69,-118.15
33.88,-118.12
33.42,-117.43
34.15,-117.51
32.75,-117.17
32.81,-117.13
34.3,-119.22
32.97,-117.11
33.69,-116.41
33.98,-118.45
34.69,-118.15
35.29,-120.65
33.93,-116.98
34.22,-119.04
33.86,-118.06
33.76,-116.54
33.2,-117.38
32.86,-117.2
33.61,-117.67
33.83,-118.32
32.74,-117.25
33.85,-118.12
33.75,-117.99
34.15,-118.81
32.7,-117.12
33.8,-118.07
33.61,-117.64
34.43,-118.52
34.09,-117.86
34.59,-118.18
33.72,-116.34
33.86,-118.06
33.82,-118.11
36.21,-119.35
33.76,-116.54
33.76,-116.34
36.3,-119.14
34.22,-117.39
33.64,-117.68
34.69,-118.15
33.82,-117.83
33.2,-117.24
33.68,-117.91
34.07,-117.61
34.04,-117.66
33.55,-117.21
33.12,-117.09
33.98,-118.23
33.55,-117.21
33.9,-117.39
32.89,-117.07
32.96,-117.04
32.58,-117.11
33.6,-117.87
32.84,-116.97
32.99,-117.27
33.69,-116.41
33.8,-118.07
34.07,-117.16
33.04,-116.88
34.44,-118.59
33.6,-117.87
33.76,-118.35
34.07,-117.16
33.55,-117.64
33.53,-117.11
33.54,-117.78
33.04,-116.88
34.58,-118.12
33.79,-117.98
34.41,-118.42
32.77,-117.14
34.0,-117.98
32.74,-117.0
33.83,-118.18
33.38,-117.25
36.21,-119.35
34.16,-119.13
34.05,-117.25
32.79,-116.96
37.1,-119.32
33.52,-117.71
33.9,-117.73
33.74,-117.81
34.42,-119.7
37.36,-118.4
34.0,-117.43
33.93,-117.95
33.69,-116.41
33.91,-118.35
32.83,-117.27
33.26,-117.28
32.84,-116.97
34.35,-119.06
32.89,-117.07
33.85,-118.12
34.03,-118.78
33.76,-116.34
34.14,-118.04
34.09,-117.86
33.76,-116.34
33.92,-118.13
33.55,-117.21
36.33,-119.29
33.6,-117.28
32.97,-117.11
34.5,-117.19
34.07,-118.38
34.11,-117.37
34.43,-117.3
34.27,-117.21
32.99,-117.27
34.1,-117.66
33.22,-117.11
34.15,-117.51
33.71,-117.08
32.81,-117.13
34.01,-117.68
34.5,-117.19
32.94,-117.21
34.5,-117.19
33.55,-117.21
34.11,-117.81
34.07,-117.94
33.76,-116.34
33.09,-117.14
32.86,-117.2
36.33,-119.29
34.02,-118.11
34.5,-117.19
33.74,-116.41
34.51,-119.73
33.74,-118.39
33.87,-117.97
36.3,-119.38
33.02,-117.28
33.47,-117.63
32.64,-117.06
34.01,-118.5
33.58,-117.16
32.81,-117.13
34.9,-117.02
32.84,-116.97
33.68,-117.83
33.99,-117.97
33.86,-118.06
33.04,-116.88
33.85,-118.15
33.0,-117.07
34.44,-118.59
33.82,-118.26
33.2,-117.24
33.85,-118.15
34.08,-118.07
33.76,-116.34
33.9,-117.93
35.62,-117.67
33.61,-117.67
33.22,-117.03
34.22,-117.39
33.81,-118.35
32.74,-117.0
33.19,-117.3
34.03,-117.81
33.04,-117.29
32.83,-117.2
34.0,-117.43
32.96,-117.04
33.9,-118.08
32.77,-117.02
33.78,-116.96
33.55,-117.21
34.08,-118.14
33.29,-117.23
33.63,-117.87
33.29,-117.23
32.86,-116.92
34.18,-118.95
32.74,-117.12
33.78,-116.96
33.14,-117.32
33.98,-117.52
33.43,-117.61
33.94,-118.13
33.04,-117.29
33.26,-117.28
32.83,-117.2
34.08,-117.47
33.38,-117.25
34.03,-117.04
33.26,-116.38
34.03,-117.58
33.55,-117.21
34.29,-118.88
33.76,-116.34
33.2,-117.24
33.86,-118.06
33.49,-117.15
32.81,-117.04
34.1,-117.72
33.92,-118.01
33.16,-117.29
34.08,-117.69
33.9,-117.93
32.83,-117.16
34.1,-118.41
32.74,-117.0
33.22,-117.11
32.99,-117.27
33.82,-117.83
32.72,-116.88
33.87,-117.93
32.69,-117.19
33.2,-117.24
32.83,-117.2
34.49,-117.42
32.97,-117.11
33.59,-117.7
33.04,-116.88
32.77,-117.02
33.74,-116.41
33.38,-117.25
33.83,-118.32
32.79,-116.96
32.94,-117.21
32.83,-117.16
33.74,-116.41
32.76,-117.07
32.74,-117.25
32.89,-117.07
33.69,-116.41
34.69,-118.15
33.22,-117.11
33.8,-117.15
33.91,-118.35
32.96,-117.04
33.02,-117.28
32.77,-117.02
33.93,-117.95
32.79,-116.96
32.77,-117.02
33.02,-117.2
33.04,-116.88
32.77,-117.2
32.84,-116.97
34.4,-119.3
32.77,-117.02
32.77,-117.02
33.61,-117.64
33.26,-116.38
32.79,-117.23
33.09,-117.14
33.19,-117.3
34.09,-117.89
32.79,-116.96
33.82,-117.83
32.67,-117.1
32.76,-117.07
34.1,-117.77
33.38,-117.25
33.72,-116.34
33.94,-118.19
33.04,-117.29
33.84,-118.01
33.69,-116.41
33.93,-117.95
34.28,-118.79
32.58,-117.11
33.77,-117.94
33.69,-116.41
32.96,-117.27
33.14,-117.32
33.94,-118.19
33.0,-117.07
32.81,-117.04
34.1,-117.66
34.09,-117.86
32.77,-117.14
33.83,-117.85
32.92,-117.14
33.09,-117.05
33.88,-118.12
34.01,-118.03
34.5,-117.19
33.19,-117.3
33.66,-117.97
34.59,-118.18
32.79,-117.07
33.72,-116.34
32.77,-117.12
34.28,-118.79
34.11,-117.37
33.78,-117.23
33.98,-117.52
33.58,-117.16
34.14,-118.0
33.09,-117.05
32.86,-116.92
34.28,-118.71
33.63,-117.87
33.66,-117.59
34.05,-117.44
32.77,-117.01
33.94,-118.19
33.58,-117.16
33.85,-118.15
33.65,-117.92
33.93,-117.95
34.21,-119.17
32.96,-117.04
34.12,-117.85
32.6,-116.9
33.82,-118.26
33.97,-116.98
33.72,-117.91
32.96,-117.27
33.86,-116.57
33.79,-117.93
33.93,-116.98
32.81,-117.04
33.58,-117.16
32.79,-117.07
34.01,-117.68
33.72,-118.0
34.09,-117.91
32.89,-117.07
33.92,-117.9
33.04,-116.88
33.65,-117.84
33.9,-117.73
34.04,-117.66
34.1,-117.65
32.8,-116.97
33.61,-117.67
32.79,-117.07
34.03,-117.81
34.44,-118.59
33.79,-117.93
32.77,-117.2
33.67,-117.33
34.05,-118.05
33.69,-117.79
34.69,-118.15
33.0,-117.07
32.83,-117.16
34.3,-119.22
33.52,-117.71
33.72,-118.0
32.77,-117.12
33.72,-116.34
33.76,-116.54
33.68,-118.01
33.85,-118.15
33.74,-116.41
32.74,-117.25
33.97,-117.26
33.92,-118.01
33.92,-117.9
33.38,-117.25
36.07,-119.02
33.85,-118.26
32.84,-116.97
34.28,-118.79
32.77,-117.14
33.71,-117.95
34.51,-119.73
33.75,-117.99
34.1,-117.77
33.52,-117.71
36.33,-119.65
33.9,-117.8
33.04,-116.88
35.68,-119.23
33.14,-117.32
32.77,-117.02
33.68,-118.01
33.65,-117.92
34.14,-117.61
32.83,-117.2
33.52,-117.71
32.76,-117.07
32.83,-117.27
33.58,-117.16
33.69,-117.79
32.84,-116.97
33.8,-117.77
33.68,-117.83
34.41,-118.42
32.86,-117.2
33.69,-117.79
33.69,-116.34
33.69,-117.79
33.62,-114.59
32.8,-116.97
33.02,-117.14
32.83,-117.16
33.75,-117.83
34.09,-118.6
33.84,-118.01
33.87,-117.87
32.71,-117.24
34.4,-119.52
32.71,-117.24
32.86,-117.2
33.66,-117.83
33.22,-117.03
35.0,-117.65
33.85,-118.15
33.69,-117.82
33.76,-116.34
33.69,-117.79
33.74,-116.41
33.57,-117.73
32.97,-117.11
34.03,-117.81
34.5,-117.19
33.02,-117.2
34.01,-118.5
34.15,-117.97
33.72,-116.34
33.92,-118.4
32.92,-117.14
33.71,-117.77
33.43,-117.61
32.71,-117.24
32.72,-117.16
34.05,-116.58
33.63,-117.87
33.61,-117.67
33.63,-117.8
33.93,-118.02
33.68,-117.83
33.71,-117.77
33.69,-117.82
33.71,-117.77
32.83,-117.27
33.69,-117.79
35.62,-117.67
33.72,-116.34
33.02,-117.14
32.83,-117.2
33.16,-117.29
34.51,-119.73
33.1,-117.25
33.38,-117.25
32.8,-116.97
33.76,-116.34
34.03,-117.81
33.22,-117.03
34.5,-117.19
33.61,-117.64
32.77,-117.02
34.5,-117.19
34.2,-118.82
34.69,-118.15
33.19,-117.3
34.51,-119.73
32.73,-117.16
33.52,-117.71
32.73,-117.16
34.69,-118.15
32.84,-116.97
32.6,-116.9
34.26,-118.71
33.76,-116.54
32.61,-117.04
34.69,-118.15
34.21,-119.17
32.8,-116.97
33.72,-116.34
32.96,-117.04
33.85,-118.13
33.04,-116.88
34.03,-118.78
32.83,-117.2
32.6,-116.9
33.94,-117.23
36.3,-119.38
32.74,-117.12
33.66,-117.19
33.61,-117.67
33.74,-116.41
32.63,-116.95
33.76,-116.34
34.59,-118.18
33.53,-117.11
32.84,-116.97
33.72,-116.34
32.64,-117.06
34.08,-118.01
32.84,-116.97
32.96,-117.04
33.59,-117.7
35.77,-119.25
32.79,-117.07
33.98,-117.52
33.55,-117.64
32.84,-116.97
34.07,-117.4
32.83,-117.16
34.43,-117.3
32.83,-117.16
34.08,-117.69
35.62,-117.67
32.77,-117.02
33.72,-116.34
34.14,-117.98
32.96,-117.04
34.02,-118.11
33.69,-117.79
34.05,-118.14
34.28,-119.17
33.72,-116.34
33.02,-117.14
33.53,-117.71
33.76,-116.34
34.11,-117.81
32.96,-117.04
33.69,-116.41
32.97,-117.11
33.9,-118.16
33.72,-116.34
32.6,-116.9
34.08,-117.47
33.49,-117.15
33.92,-118.01
33.9,-117.73
34.1,-117.31
33.66,-117.83
32.61,-117.04
33.72,-116.34
33.74,-116.41
32.8,-116.97
33.1,-117.25
34.21,-119.17
33.72,-116.34
34.15,-117.47
36.97,-122.03
32.84,-116.97
33.72,-116.34
33.72,-116.34
33.94,-118.33
32.79,-116.96
33.19,-117.3
34.1,-117.29
32.83,-117.27
33.74,-116.41
34.28,-119.17
34.49,-117.3
33.72,-116.34
33.09,-117.14
32.84,-116.77
33.74,-116.41
33.76,-116.54
33.62,-114.59
34.13,-117.21
34.0,-117.06
33.18,-117.25
33.16,-117.29
33.62,-114.59
33.62,-114.59
32.83,-117.09
33.99,-118.4
34.03,-117.04
33.62,-114.59
33.88,-118.24
33.62,-114.59
32.89,-117.07
33.76,-116.34
32.99,-117.27
33.76,-116.34
34.07,-117.61
33.91,-118.35
33.72,-116.34
33.84,-117.54
33.99,-118.09
34.59,-118.18
32.71,-117.24
33.14,-117.32
33.2,-117.24
34.1,-117.72
34.09,-117.96
32.75,-117.17
33.62,-114.59
33.62,-114.59
34.49,-117.42
34.1,-117.58
33.94,-118.13
34.15,-118.76
33.52,-117.71
33.79,-117.98
34.02,-118.11
34.07,-117.16
36.33,-119.65
33.2,-117.25
32.77,-117.14
33.8,-118.07
33.62,-114.59
36.33,-119.65
36.33,-119.65
34.02,-118.11
33.65,-117.92
33.74,-116.41
37.36,-118.4
34.13,-116.31
33.9,-117.63
33.0,-117.07
34.21,-119.17
33.04,-116.88
34.69,-118.15
34.15,-118.81
34.03,-117.81
33.69,-116.41
34.44,-118.59
32.96,-117.04
33.42,-117.43
33.71,-117.77
32.72,-117.13
33.12,-117.09
34.51,-119.73
32.73,-117.16
32.92,-117.14
32.73,-117.1
33.09,-117.05
33.8,-118.12
32.83,-117.16
33.69,-117.82
32.79,-116.96
34.06,-117.18
33.55,-117.64
33.75,-117.87
34.14,-117.3
33.2,-117.24
34.44,-118.59
33.9,-117.8
33.67,-117.75
36.33,-119.65
34.07,-117.16
34.69,-118.15
34.21,-119.17
34.59,-118.18
32.86,-116.92
34.69,-118.15
33.74,-116.41
33.74,-116.41
33.74,-116.41
33.69,-117.82
33.04,-116.88
33.1,-117.25
33.86,-116.57
34.06,-117.18
33.5,-117.66
33.64,-117.84
33.97,-118.15
33.62,-114.59
34.69,-118.15
33.09,-117.05
32.97,-117.11
34.0,-117.43
35.62,-117.67
33.76,-116.54
34.46,-119.81
34.44,-118.59
33.55,-117.64
32.83,-117.2
33.99,-118.15
33.64,-117.84
33.38,-117.25
34.69,-118.15
34.44,-118.59
32.77,-117.14
33.64,-117.84
32.74,-117.03
32.97,-117.11
33.76,-116.54
32.83,-117.16
34.11,-116.43
34.69,-118.15
32.81,-117.04
33.72,-116.34
33.88,-117.99
33.16,-117.16
33.74,-116.41
34.09,-117.89
33.68,-117.91
33.59,-117.7
33.09,-117.05
33.86,-118.06
33.18,-117.25
32.6,-116.9
34.01,-117.68
33.49,-117.15
33.66,-117.97
34.11,-117.37
34.01,-118.5
32.79,-116.96
32.8,-116.97
33.12,-117.09
33.88,-117.44
33.55,-117.21
33.75,-117.87
33.88,-117.9
32.96,-117.04
34.03,-117.58
33.89,-118.2
32.81,-117.13
33.68,-118.01
33.09,-117.05
34.49,-117.42
34.69,-118.15
32.84,-116.97
33.12,-117.09
34.69,-118.15
34.69,-118.15
34.69,-118.15
34.43,-117.57
36.21,-119.35
34.06,-117.18
35.11,-117.97
32.69,-117.19
34.69,-118.15
34.43,-117.57
33.54,-117.78
32.77,-117.01
32.8,-116.97
34.07,-117.16
34.06,-117.18
34.03,-117.81
33.47,-117.63
33.76,-116.34
34.43,-117.57
33.49,-117.15
32.73,-117.16
34.44,-118.59
34.43,-117.57
32.79,-116.96
32.7,-117.05
33.66,-117.97
32.83,-117.16
34.04,-117.66
33.38,-117.25
33.8,-117.77
34.69,-118.15
33.74,-116.41
34.05,-117.44
32.81,-117.13
34.21,-119.17
32.73,-117.16
33.38,-117.25
32.75,-117.17
33.61,-117.64
34.51,-117.91
33.94,-118.19
34.43,-118.52
33.74,-117.81
33.8,-117.15
33.09,-117.14
33.22,-117.11
33.3,-116.98
33.96,-117.73
35.96,-119.04
33.72,-116.34
35.0,-117.65
33.81,-118.22
34.21,-119.17
33.2,-117.25
34.69,-118.15
33.61,-117.67
33.86,-116.57
32.73,-117.1
34.69,-118.15
33.16,-117.16
35.77,-119.25
34.52,-117.98
34.4,-119.3
34.65,-118.22
32.6,-116.9
32.77,-117.01
33.76,-116.54
34.69,-118.15
34.03,-117.93
34.59,-118.18
34.58,-118.12
33.72,-116.34
34.58,-118.03
33.75,-118.08
34.23,-119.18
32.61,-117.04
34.69,-118.15
33.91,-118.35
34.14,-117.98
33.74,-117.81
33.09,-117.14
33.86,-116.57
34.69,-118.15
34.12,-117.85
35.0,-117.65
36.37,-119.03
33.92,-117.9
34.08,-118.04
34.08,-118.04
32.74,-117.03
33.92,-118.4
33.12,-117.19
33.74,-116.41
33.72,-116.34
32.77,-117.01
33.2,-117.24
33.67,-117.75
33.55,-117.21
33.69,-116.41
33.9,-117.93
34.5,-117.19
33.88,-117.54
33.22,-117.11
33.62,-114.59
33.92,-117.9
33.71,-117.95
33.68,-117.67
34.06,-117.18
32.73,-117.16
33.66,-117.97
32.84,-116.97
34.44,-119.83
34.5,-118.33
33.91,-118.35
33.86,-118.06
33.74,-117.81
34.92,-117.89
33.83,-118.32
34.18,-116.87
33.72,-116.34
32.79,-116.96
33.81,-118.22
32.81,-117.13
33.49,-117.15
33.69,-117.79
33.69,-117.27
33.62,-114.59
34.09,-117.96
34.46,-119.81
34.07,-117.61
36.21,-119.35
33.86,-116.57
33.83,-118.18
33.62,-114.59
35.13,-118.45
33.86,-116.57
33.86,-116.57
32.96,-117.04
33.74,-116.41
32.61,-117.04
34.46,-119.81
33.86,-116.57
32.79,-116.96
34.01,-118.47
33.09,-117.05
33.68,-117.91
37.05,-122.07
37.74,-121.14
38.23,-122.64
37.64,-121.87
37.91,-122.54
37.85,-122.01
38.82,-121.19
37.83,-122.13
38.44,-122.71
38.81,-121.27
38.4,-122.75
38.05,-121.35
37.91,-122.54
36.97,-122.03
39.76,-121.62
37.77,-122.21
37.24,-121.96
38.44,-122.71
36.97,-121.99
37.97,-122.56
35.49,-120.67
37.69,-122.45
38.23,-122.64
37.33,-119.65
36.81,-119.71
37.7,-121.94
36.86,-119.77
36.68,-119.72
37.24,-121.96
39.16,-122.91
38.58,-121.53
37.39,-121.9
38.44,-122.71
36.97,-122.03
35.38,-119.21
37.74,-121.14
38.41,-122.55
37.61,-122.49
38.44,-122.71
37.91,-122.28
37.81,-122.24
37.32,-122.03
37.97,-122.5
37.46,-122.2
38.44,-122.71
36.57,-119.61
38.45,-121.82
37.38,-122.24
37.77,-120.85
35.28,-120.66
36.57,-121.95
37.53,-122.31
37.68,-122.12
37.89,-122.12
38.05,-121.35
36.97,-122.03
37.73,-121.43
36.54,-119.39
38.89,-121.29
36.61,-119.53
38.1,-122.86
37.77,-120.85
37.51,-121.91
37.29,-121.89
38.32,-122.3
35.34,-119.03
38.61,-122.87
38.44,-122.8
39.94,-120.95
37.68,-121.77
37.32,-122.03
36.99,-121.96
37.72,-122.44
37.63,-122.41
37.26,-121.88
37.64,-121.87
37.51,-121.91
37.76,-122.48
37.75,-122.42
37.72,-122.41
36.99,-120.63
38.55,-122.82
38.14,-120.46
37.93,-121.7
38.47,-122.75
39.14,-121.62
38.68,-121.77
37.39,-122.11
35.11,-119.02
38.58,-121.53
37.84,-121.21
36.99,-121.96
37.29,-121.89
41.05,-121.4
38.45,-121.82
38.03,-121.88
36.3,-119.78
39.52,-122.19
39.73,-121.84
38.47,-122.59
37.84,-121.21
37.76,-122.4
37.79,-122.42
35.37,-119.13
37.89,-122.12
37.32,-122.03
37.33,-121.89
37.24,-121.83
37.88,-122.18
37.37,-121.76
37.77,-122.41
37.35,-121.88
37.95,-122.02
38.74,-121.18
37.23,-121.78
37.43,-122.25
37.96,-121.29
38.11,-122.25
37.61,-122.12
38.29,-122.46
37.89,-122.3
37.88,-122.03
38.4,-122.36
39.75,-122.2
36.97,-121.99
37.57,-122.38
34.95,-120.44
37.33,-121.84
38.32,-122.3
38.73,-120.8
38.82,-121.19
38.45,-121.82
39.01,-123.37
36.97,-122.03
36.96,-120.06
37.57,-122.38
38.52,-121.97
38.32,-122.3
37.68,-121.77
37.77,-122.41
38.23,-122.64
38.29,-122.46
38.61,-122.87
38.42,-122.96
37.23,-121.78
39.73,-121.84
37.52,-122.28
37.61,-122.12
38.55,-122.82
35.24,-118.98
37.17,-121.84
37.45,-122.18
38.47,-122.59
37.66,-122.03
37.46,-122.23
38.44,-122.71
37.12,-120.26
37.97,-122.56
39.15,-123.21
37.13,-121.65
38.81,-123.02
37.26,-122.02
38.27,-122.11
37.32,-122.03
37.56,-122.0
38.03,-121.88
38.4,-122.82
36.96,-120.06
37.26,-122.02
38.52,-121.97
37.98,-122.34
37.91,-122.07
39.76,-121.62
37.75,-122.42
37.73,-121.43
37.64,-121.87
36.99,-121.96
37.35,-120.61
38.23,-122.64
38.51,-122.47
37.68,-121.77
37.26,-121.92
37.29,-121.89
37.35,-120.61
39.02,-122.06
37.73,-121.43
37.95,-122.02
37.32,-122.03
38.82,-121.19
38.69,-121.08
37.39,-122.02
38.99,-121.1
38.34,-122.7
37.96,-121.77
39.14,-121.62
38.44,-122.8
39.5,-121.74
37.23,-120.25
37.24,-121.96
38.23,-122.32
38.89,-121.02
38.69,-121.08
37.28,-121.95
37.86,-122.49
37.24,-121.73
38.47,-122.75
37.93,-121.7
37.68,-121.77
36.83,-119.7
37.29,-121.89
38.36,-121.99
35.37,-119.13
38.9,-121.08
38.27,-122.11
38.32,-122.3
38.81,-121.27
39.73,-121.84
37.31,-121.96
37.52,-122.28
37.61,-122.49
38.34,-122.7
38.68,-121.77
37.73,-121.43
38.32,-122.3
38.69,-121.08
37.61,-122.12
37.29,-121.89
40.59,-122.39
36.3,-119.78
38.12,-122.55
37.88,-122.18
37.32,-122.03
37.97,-122.5
37.91,-122.54
37.89,-122.12
38.96,-122.63
37.95,-121.96
37.32,-122.07
38.51,-122.47
37.09,-122.09
38.89,-121.29
38.18,-121.24
37.68,-122.49
37.64,-121.87
38.36,-122.52
37.26,-121.88
38.32,-122.3
38.11,-122.57
37.26,-121.88
37.39,-122.11
38.29,-122.46
38.69,-121.08
37.92,-122.31
37.29,-121.89
37.38,-122.09
38.51,-122.47
37.17,-121.84
38.4,-122.82
37.58,-122.35
37.04,-121.99
37.41,-122.29
37.46,-122.43
37.5,-122.21
37.91,-122.54
38.29,-122.46
38.44,-122.8
37.88,-122.46
36.97,-121.99
37.87,-122.29
36.73,-121.64
38.79,-121.38
37.95,-122.53
38.36,-121.99
36.84,-119.83
37.68,-121.77
38.25,-122.04
38.45,-121.82
37.64,-121.87
39.94,-120.95
37.68,-122.12
36.97,-122.03
37.64,-121.87
38.79,-121.23
38.54,-121.74
37.45,-122.18
35.28,-120.66
37.17,-121.84
40.18,-122.24
38.34,-122.7
37.24,-121.96
38.81,-123.02
38.55,-122.82
35.55,-120.71
37.4,-121.86
37.41,-122.29
37.35,-122.03
39.76,-121.62
38.68,-121.77
38.51,-122.47
37.39,-122.02
38.47,-122.59
36.99,-121.96
35.37,-119.02
38.83,-121.01
38.82,-121.19
39.76,-121.62
37.95,-122.06
37.33,-120.85
38.67,-120.94
36.51,-119.55
37.12,-120.26
37.95,-122.56
37.05,-122.01
37.61,-122.12
38.23,-122.64
36.86,-120.46
38.23,-122.64
37.31,-121.99
37.95,-122.56
37.32,-122.03
37.39,-122.02
37.81,-122.31
37.5,-121.96
39.73,-121.84
39.45,-123.81
37.33,-121.77
38.36,-121.99
35.11,-119.02
39.45,-123.81
37.77,-120.85
38.47,-122.75
38.13,-121.27
39.45,-123.81
39.45,-123.81
38.29,-122.46
37.41,-122.29
37.5,-121.96
34.01,-117.68
36.51,-119.55
37.5,-122.21
37.74,-121.43
38.68,-121.77
35.42,-118.71
38.0,-121.81
37.84,-121.21
34.84,-118.86
36.33,-119.65
37.91,-122.28
37.26,-121.92
38.47,-122.89
38.45,-121.82
38.29,-122.46
37.39,-122.11
35.28,-120.66
38.19,-120.83
37.38,-122.24
35.59,-119.34
37.45,-122.18
37.72,-122.41
38.54,-121.74
37.51,-121.91
39.73,-121.84
37.41,-122.02
38.69,-121.08
38.29,-122.46
34.61,-120.08
37.8,-121.0
37.32,-122.03
36.75,-120.38
38.44,-122.67
37.32,-122.03
41.75,-123.32
37.96,-121.29
37.94,-122.39
38.68,-121.77
39.93,-122.18
37.35,-122.03
38.54,-121.74
37.26,-121.88
40.59,-122.39
37.51,-122.26
38.16,-121.15
37.69,-121.91
39.45,-123.81
36.81,-119.71
38.32,-122.3
37.26,-122.02
37.38,-122.14
37.89,-122.12
37.78,-121.98
39.51,-121.56
37.76,-122.43
37.75,-122.42
38.11,-122.57
38.4,-122.82
38.47,-122.75
40.59,-122.39
39.51,-121.56
37.89,-122.12
35.64,-120.65
37.8,-121.0
37.89,-122.12
37.68,-121.77
37.27,-121.85
37.39,-122.11
37.29,-121.89
37.31,-121.99
38.44,-122.67
37.28,-121.95
36.75,-119.71
36.96,-120.06
37.94,-121.15
38.74,-122.15
35.31,-120.84
38.13,-121.27
39.73,-121.84
37.28,-121.95
38.58,-121.53
37.41,-122.02
37.26,-122.02
40.59,-122.39
38.51,-122.47
37.77,-122.21
37.75,-122.42
38.61,-122.87
37.76,-122.15
35.64,-120.65
38.54,-121.74
36.77,-119.76
38.79,-121.23
37.38,-122.24
35.37,-119.02
37.38,-122.24
37.5,-121.96
37.41,-122.02
39.45,-123.81
37.17,-121.84
37.76,-122.4
37.8,-121.98
37.97,-122.5
37.43,-121.9
38.61,-122.87
38.81,-123.02
37.89,-122.12
38.11,-122.25
38.32,-122.3
36.75,-119.71
38.34,-122.7
37.68,-121.77
38.23,-122.64
38.81,-121.27
37.92,-122.34
38.23,-122.32
38.29,-122.46
39.15,-123.21
38.51,-122.47
36.33,-119.65
36.33,-119.29
37.74,-121.43
35.75,-120.7
36.61,-119.53
36.85,-121.4
38.03,-121.88
36.85,-121.4
36.85,-121.4
37.76,-122.43
39.75,-121.84
37.47,-122.14
37.37,-121.76
38.5,-123.0
36.97,-122.03
35.5,-119.27
37.83,-122.29
38.44,-122.71
37.35,-121.88
36.97,-122.03
37.35,-121.88
37.29,-121.83
36.85,-121.4
38.13,-121.27
36.85,-121.4
38.05,-122.16
37.68,-121.77
37.83,-122.29
37.79,-122.15
38.03,-121.88
37.29,-121.89
38.06,-122.7
36.85,-121.4
38.03,-121.88
37.12,-120.26
36.85,-121.4
37.65,-122.42
36.85,-121.4
38.03,-121.88
39.28,-121.66
37.24,-121.83
37.77,-122.41
38.6,-121.53
37.77,-120.85
37.95,-121.96
38.82,-121.19
37.46,-122.43
37.4,-121.86
37.46,-122.2
37.38,-122.09
37.24,-121.83
38.29,-122.46
34.96,-120.49
37.38,-122.14
37.24,-121.83
37.75,-122.42
35.45,-118.79
38.99,-121.1
37.63,-122.05
39.15,-123.21
37.51,-122.26
38.32,-122.3
37.3,-120.48
38.54,-121.74
37.33,-121.77
37.78,-121.98
37.3,-120.48
39.75,-121.84
37.95,-122.02
38.03,-121.88
37.51,-122.26
37.78,-122.46
37.46,-122.2
37.68,-121.77
37.94,-122.39
37.8,-122.21
35.4,-118.98
37.45,-122.18
37.88,-122.18
38.04,-121.23
38.23,-122.64
38.44,-122.71
38.03,-122.55
37.43,-121.9
38.41,-122.55
38.03,-122.55
37.28,-121.95
38.12,-122.55
38.4,-122.75
38.03,-121.88
38.47,-122.75
36.81,-119.71
37.96,-121.29
37.93,-122.53
38.03,-121.88
37.68,-121.77
37.28,-121.69
38.29,-122.46
37.37,-122.02
37.41,-122.02
37.43,-121.9
37.92,-122.34
37.38,-122.09
35.37,-119.13
37.75,-122.42
37.35,-121.88
36.97,-122.03
39.31,-123.8
35.35,-119.06
37.87,-122.07
37.5,-121.96
37.43,-121.9
38.0,-121.81
37.43,-121.9
37.01,-121.57
38.03,-122.55
38.03,-122.55
38.03,-121.88
37.43,-121.9
37.9,-122.28
37.93,-122.53
36.98,-121.95
37.43,-121.9
38.03,-121.88
38.12,-122.55
37.39,-120.72
37.43,-121.9
36.85,-121.4
37.43,-121.9
36.85,-121.4
38.03,-121.88
38.4,-122.36
36.75,-119.71
37.43,-121.9
39.21,-122.01
38.03,-121.88
38.4,-122.36
36.97,-122.03
37.43,-121.9
37.38,-122.24
38.03,-121.88
37.43,-121.9
38.25,-122.04
39.73,-121.84
38.36,-121.99
37.26,-122.02
37.95,-122.02
37.04,-121.99
37.51,-122.26
38.29,-122.46
37.41,-122.29
38.44,-122.71
38.03,-121.88
37.35,-121.88
37.94,-122.39
37.43,-121.9
36.14,-120.36
36.53,-121.83
37.29,-121.89
38.51,-122.47
38.44,-122.67
38.4,-122.82
39.73,-121.84
38.47,-122.75
38.23,-122.64
37.72,-122.17
37.91,-122.28
37.39,-122.11
37.38,-122.14
36.77,-119.95
37.39,-122.02
37.85,-122.01
36.68,-121.8
37.26,-122.02
37.6,-122.04
37.96,-120.24
37.96,-121.77
37.51,-122.26
38.13,-122.2
40.52,-122.32
36.51,-119.55
36.48,-121.73
36.81,-119.71
37.95,-122.06
38.99,-121.1
35.59,-119.34
36.75,-119.71
38.36,-122.52
38.44,-122.71
37.96,-121.29
38.47,-122.75
37.37,-121.76
37.91,-122.07
38.44,-122.71
38.23,-122.64
38.61,-122.87
34.95,-120.44
37.01,-121.57
38.4,-122.82
37.26,-121.88
38.02,-122.13
37.16,-121.97
38.9,-121.08
38.55,-122.82
34.95,-120.44
39.73,-121.84
37.87,-122.07
37.26,-121.92
37.29,-121.89
37.84,-122.24
37.58,-122.35
39.14,-121.62
37.35,-121.92
37.79,-122.42
38.73,-120.8
38.3,-122.67
38.11,-122.57
38.4,-122.75
38.81,-123.02
37.69,-121.91
38.4,-122.82
36.63,-119.68
37.05,-122.01
37.93,-121.7
37.85,-122.01
38.44,-122.71
37.35,-122.03
38.81,-123.02
38.44,-122.4
38.36,-121.99
35.64,-120.65
38.4,-122.82
37.26,-122.02
39.14,-121.62
35.28,-120.66
37.84,-122.24
38.44,-122.8
38.03,-122.03
37.93,-121.7
37.4,-121.86
38.9,-121.08
37.72,-122.17
37.39,-122.11
37.92,-122.31
40.87,-124.08
38.44,-122.71
38.0,-121.81
38.96,-122.63
37.6,-122.04
38.67,-120.94
38.32,-122.3
37.93,-121.7
36.62,-121.92
38.47,-122.89
37.97,-122.5
37.28,-121.95
35.28,-120.66
39.76,-121.62
40.18,-122.24
38.4,-122.82
37.95,-122.06
37.26,-122.02
38.4,-122.75
38.47,-122.59
37.61,-122.12
37.82,-122.0
38.44,-122.8
37.31,-121.99
40.18,-122.24
36.68,-119.93
38.85,-121.17
39.14,-121.62
36.98,-121.95
38.68,-121.77
37.6,-122.04
37.92,-122.34
36.68,-119.72
38.07,-120.54
35.52,-118.91
37.76,-121.24
36.98,-121.9
37.84,-121.21
37.65,-122.42
37.43,-121.9
37.91,-122.69
36.97,-122.03
37.3,-121.81
37.57,-122.38
38.25,-122.04
37.91,-122.69
38.23,-122.64
38.44,-122.71
37.31,-121.96
37.56,-122.0
38.69,-121.08
36.86,-119.77
38.44,-122.71
37.51,-122.26
36.97,-121.99
37.38,-122.14
37.33,-121.92
37.17,-121.84
37.91,-122.69
38.44,-122.71
36.68,-121.66
37.72,-122.41
37.5,-121.96
37.74,-120.94
39.14,-121.62
38.03,-122.55
36.85,-121.54
38.47,-122.75
36.86,-119.77
37.76,-122.15
38.58,-120.55
37.72,-122.44
37.41,-122.29
38.23,-122.32
36.83,-119.68
39.6,-122.03
37.13,-121.65
36.42,-121.33
37.46,-122.23
38.96,-122.63
37.05,-122.07
39.75,-121.84
35.37,-119.02
37.17,-121.84
37.24,-121.73
37.24,-121.83
37.72,-122.08
38.47,-122.75
38.29,-122.46
37.91,-122.69
38.55,-122.82
36.97,-121.99
37.93,-121.7
39.65,-121.8
37.24,-121.96
37.26,-122.02
37.32,-121.94
39.75,-121.84
38.17,-122.26
36.97,-122.03
35.35,-119.06
37.24,-121.83
38.73,-120.8
37.5,-122.21
38.4,-122.82
38.32,-122.3
38.9,-121.08
38.47,-122.59
35.37,-119.13
37.68,-121.77
38.4,-122.82
38.61,-122.87
37.38,-122.09
36.57,-119.61
35.28,-120.66
38.55,-122.82
39.2,-121.19
39.04,-122.92
37.68,-121.77
37.52,-122.28
37.68,-121.77
35.52,-118.91
37.17,-121.84
37.68,-121.77
38.47,-122.75
38.34,-122.7
36.84,-119.83
38.96,-122.63
37.43,-121.95
38.15,-122.27
36.6,-121.89
37.06,-120.85
37.57,-122.38
38.89,-121.29
37.94,-121.94
37.79,-122.42
35.64,-120.65
37.01,-121.57
38.81,-121.27
38.44,-122.71
38.32,-122.3
35.37,-119.13
37.96,-121.77
36.91,-121.76
38.0,-121.71
37.51,-121.33
38.32,-122.3
37.81,-122.31
35.38,-119.21
37.93,-121.7
38.55,-122.82
38.68,-121.77
38.0,-121.71
36.81,-119.71
36.97,-122.03
33.43,-117.61
38.14,-120.46
38.29,-122.46
38.36,-121.99
37.74,-121.43
38.79,-121.23
37.74,-121.43
37.29,-121.89
38.51,-122.47
37.5,-121.96
39.04,-122.92
38.36,-121.99
40.59,-122.39
37.5,-122.21
38.07,-120.54
39.93,-122.18
37.17,-121.84
37.91,-122.54
37.31,-121.99
38.19,-120.83
38.67,-120.94
37.58,-122.32
37.79,-122.42
37.29,-121.89
39.75,-121.84
37.76,-122.48
38.99,-121.1
37.73,-122.38
39.75,-121.84
37.95,-122.06
38.13,-121.27
37.39,-122.08
39.15,-121.59
37.88,-122.03
37.68,-121.77
37.13,-122.12
37.13,-121.65
39.22,-121.06
37.52,-122.34
37.39,-122.11
37.6,-122.04
37.26,-122.02
35.37,-119.02
36.6,-121.58
36.33,-119.65
38.33,-122.71
37.17,-121.84
39.2,-121.19
37.32,-122.03
38.32,-122.3
36.89,-121.64
37.74,-122.44
37.75,-122.42
37.33,-121.77
38.4,-122.82
39.22,-121.06
37.81,-122.27
36.68,-121.8
38.44,-122.8
38.85,-121.17
38.4,-122.82
37.13,-121.65
37.72,-122.49
39.73,-121.84
37.23,-120.25
39.6,-122.03
39.6,-122.03
37.6,-122.04
35.39,-119.02
37.68,-121.77
38.5,-120.76
39.45,-122.03
37.04,-121.99
38.47,-122.59
39.73,-121.84
38.44,-122.67
35.28,-120.66
38.03,-121.88
37.9,-121.6
37.5,-121.96
37.29,-121.89
36.3,-119.38
33.9,-117.73
39.15,-122.15
37.05,-122.01
38.68,-123.43
38.52,-121.97
37.43,-121.9
35.45,-118.79
37.72,-122.49
34.59,-118.18
39.76,-121.62
36.85,-121.4
38.44,-122.8
33.75,-118.08
37.91,-121.6
38.18,-121.24
38.23,-122.64
38.69,-122.02
38.52,-121.97
37.84,-121.21
37.26,-121.88
37.86,-122.27
37.75,-122.42
37.86,-122.23
34.15,-117.47
33.88,-117.54
38.44,-122.71
40.45,-122.3
38.69,-121.08
37.9,-121.6
39.21,-122.01
38.55,-122.82
35.34,-119.03
38.99,-121.1
37.24,-121.96
38.0,-121.81
37.01,-121.57
38.67,-120.99
37.95,-122.02
37.37,-121.76
37.53,-122.31
37.8,-121.98
38.44,-122.8
36.99,-121.96
40.59,-122.39
37.29,-121.83
40.81,-124.15
37.05,-122.07
38.79,-121.23
38.17,-122.26
38.44,-122.8
37.96,-122.55
37.31,-121.02
38.44,-122.71
37.13,-121.65
35.37,-119.02
39.52,-122.19
37.13,-122.12
38.36,-122.52
37.85,-122.01
37.88,-122.03
37.17,-121.84
37.76,-122.43
38.47,-122.75
37.37,-122.02
38.19,-120.98
38.44,-122.67
36.51,-119.55
38.36,-121.99
36.75,-119.71
38.44,-122.71
37.29,-121.89
38.23,-122.64
37.35,-122.03
38.44,-122.71
39.02,-122.06
37.5,-121.96
37.47,-121.13
37.84,-121.21
36.75,-119.71
38.25,-122.04
37.94,-122.39
38.4,-122.82
37.38,-122.24
37.95,-122.02
36.83,-119.68
38.58,-122.58
37.29,-121.89
37.38,-122.24
37.26,-121.88
38.44,-122.71
36.83,-119.68
38.4,-122.82
38.55,-122.82
38.44,-122.67
38.29,-122.46
35.64,-120.65
35.28,-120.66
37.35,-120.61
37.75,-122.42
