lat,lon
37.29,-121.83
33.9,-117.8
33.66,-116.84
39.45,-123.81
37.53,-122.31
33.67,-117.75
33.98,-118.23
38.58,-120.55
35.28,-120.66
36.96,-120.06
33.75,-116.97
34.69,-118.15
36.83,-119.68
38.81,-123.02
33.75,-116.97
37.8,-121.98
34.69,-118.15
38.74,-122.15
34.69,-118.15
35.62,-117.67
36.77,-119.76
37.95,-122.02
37.26,-122.02
37.74,-121.43
34.07,-117.61
34.08,-117.47
32.6,-116.9
37.6,-122.39
38.03,-122.03
37.26,-121.88
37.95,-121.96
37.29,-121.83
34.14,-117.3
37.35,-122.03
38.29,-122.46
37.81,-122.31
32.73,-117.16
38.4,-122.82
38.55,-122.82
34.69,-118.15
34.44,-118.59
38.51,-122.47
32.61,-117.04
33.81,-118.15
35.39,-119.02
37.51,-121.33
33.97,-118.15
37.99,-122.01
36.91,-121.76
36.75,-119.71
37.72,-122.17
34.21,-119.17
35.5,-119.27
37.6,-122.04
38.51,-122.47
37.68,-121.77
34.69,-118.15
38.32,-122.3
33.66,-117.97
34.07,-118.38
32.96,-117.04
37.27,-121.85
37.5,-122.21
38.41,-122.55
38.03,-122.55
34.43,-117.3
33.52,-117.71
39.75,-121.84
36.15,-119.06
34.21,-119.17
36.81,-119.71
34.69,-118.15
37.95,-122.02
38.47,-122.75
33.66,-117.97
38.03,-122.55
33.76,-116.54
33.12,-117.09
33.67,-117.33
37.24,-121.73
35.28,-120.66
32.73,-117.16
38.23,-122.32
38.4,-122.75
34.69,-118.15
37.99,-122.01
37.01,-121.57
33.83,-118.29
39.45,-123.81
36.61,-119.53
33.75,-116.97
35.75,-120.7
37.36,-121.85
37.5,-121.96
33.64,-117.84
37.31,-121.99
34.69,-118.15
38.34,-122.7
34.06,-117.18
34.51,-119.73
37.94,-121.94
33.75,-116.97
36.33,-119.65
34.69,-118.15
32.79,-116.96
38.71,-122.9
34.23,-119.18
37.5,-122.21
34.69,-118.15
34.9,-117.02
33.68,-118.01
38.03,-122.55
33.3,-116.98
37.29,-121.89
37.5,-121.96
39.31,-123.8
38.29,-122.46
38.44,-122.71
33.97,-118.15
38.68,-121.77
33.7,-116.98
32.6,-116.9
33.75,-116.97
39.45,-123.81
33.86,-118.06
37.26,-122.02
34.69,-118.15
34.69,-118.15
32.6,-116.9
38.52,-121.97
33.66,-117.97
34.44,-118.59
37.74,-121.43
39.51,-121.56
37.68,-121.77
34.69,-118.15
33.64,-117.84
34.92,-117.89
34.69,-118.15
37.5,-121.96
39.73,-121.84
37.58,-122.35
39.93,-122.18
34.01,-118.5
33.83,-118.39
39.45,-123.81
34.43,-117.3
33.16,-117.29
33.44,-116.87
37.12,-120.26
37.43,-121.95
33.75,-117.87
39.45,-123.81
38.67,-120.94
39.45,-123.81
33.71,-117.08
34.43,-117.57
34.43,-117.57
33.38,-117.25
38.47,-122.75
34.49,-117.42
33.64,-117.84
35.59,-119.34
38.36,-122.52
34.43,-117.65
34.43,-117.57
37.52,-122.34
39.45,-123.81
33.88,-117.99
38.29,-122.46
38.32,-122.3
34.09,-117.89
33.76,-116.34
37.39,-121.9
37.77,-120.85
41.75,-123.32
40.18,-122.24
34.69,-118.15
34.44,-118.59
34.69,-118.15
38.03,-122.03
33.68,-117.91
37.78,-121.98
32.81,-117.13
33.66,-116.84
34.69,-118.15
33.66,-116.84
34.69,-118.15
35.64,-120.65
34.43,-117.57
37.32,-122.03
37.28,-121.95
35.64,-120.65
33.55,-117.21
37.84,-121.21
35.29,-120.65
33.75,-116.97
34.69,-118.15
37.35,-121.88
34.69,-118.15
39.51,-121.56
32.81,-117.13
39.73,-121.84
36.07,-119.02
33.75,-116.97
35.64,-120.65
34.69,-118.15
37.32,-122.03
34.69,-118.15
38.29,-122.46
33.82,-118.11
33.68,-117.91
38.36,-121.99
37.47,-121.13
33.67,-117.33
35.64,-120.65
38.81,-121.27
38.29,-122.46
37.32,-122.03
34.11,-117.37
32.83,-117.27
34.69,-118.15
33.83,-118.39
34.43,-117.57
39.51,-121.56
34.03,-117.58
33.66,-116.84
38.58,-122.58
37.43,-121.9
37.61,-122.12
33.75,-116.97
33.89,-118.2
33.83,-118.39
32.61,-117.04
37.41,-122.02
33.7,-116.98
36.42,-121.33
38.4,-122.82
35.52,-118.91
33.68,-117.83
37.39,-121.9
35.37,-119.02
34.92,-117.89
33.49,-117.15
32.63,-116.95
34.69,-118.15
37.68,-121.77
33.7,-116.98
37.5,-121.96
34.3,-119.22
37.31,-121.99
34.23,-119.18
34.16,-119.13
33.02,-117.14
32.97,-117.11
37.95,-122.56
38.03,-121.88
33.72,-116.34
36.75,-119.71
33.89,-117.27
33.76,-116.34
32.71,-117.24
33.93,-117.95
38.67,-120.94
34.0,-117.98
33.84,-117.54
33.72,-116.34
33.92,-117.9
37.39,-121.9
38.8,-121.72
34.05,-118.05
33.86,-118.4
34.58,-118.03
38.23,-122.64
34.1,-117.66
33.76,-116.54
36.33,-119.65
37.92,-122.31
33.84,-118.01
36.33,-119.65
34.07,-117.94
33.82,-118.26
33.55,-117.21
33.68,-117.67
33.76,-116.34
34.69,-118.15
35.34,-119.03
33.55,-117.21
34.08,-117.74
34.58,-118.12
34.69,-118.15
38.44,-122.71
36.54,-119.39
38.03,-122.03
33.67,-117.75
35.11,-119.02
33.75,-116.97
34.44,-118.59
33.85,-118.12
36.97,-122.03
33.76,-116.54
36.61,-119.53
34.13,-117.21
33.86,-118.06
33.99,-118.19
33.62,-114.59
33.69,-116.41
34.1,-117.72
32.83,-117.2
38.61,-122.87
34.44,-118.59
37.23,-121.78
34.09,-117.26
38.32,-122.3
34.08,-118.07
36.68,-119.72
37.61,-122.12
33.99,-118.15
33.82,-118.04
38.47,-122.75
33.76,-116.34
35.24,-118.98
33.9,-117.93
37.95,-122.02
34.43,-117.3
33.75,-117.83
33.49,-117.15
33.98,-118.23
34.2,-118.87
38.36,-122.52
38.68,-121.77
32.71,-117.24
34.09,-117.26
36.68,-119.72
37.57,-122.38
33.9,-117.8
33.91,-118.35
37.84,-122.24
33.78,-116.96
33.69,-116.41
32.86,-117.2
38.29,-122.46
37.96,-121.29
35.62,-117.67
34.09,-118.09
33.62,-114.59
32.71,-117.24
35.62,-117.67
37.61,-122.12
33.76,-116.34
33.72,-118.0
38.23,-122.64
34.02,-118.11
33.55,-117.21
32.71,-117.24
33.72,-116.34
37.31,-121.02
33.68,-117.83
36.96,-120.06
33.72,-116.34
37.12,-120.26
34.11,-117.94
39.21,-122.01
33.78,-117.85
40.81,-124.15
33.74,-116.41
34.03,-118.47
33.58,-117.16
38.12,-122.55
33.52,-117.71
33.67,-117.75
33.67,-117.75
33.55,-117.21
38.79,-121.38
34.04,-117.75
34.0,-117.43
33.89,-118.4
33.76,-116.54
38.69,-121.08
36.14,-120.36
37.23,-121.78
33.81,-118.22
33.98,-118.23
37.23,-120.25
38.69,-121.08
38.4,-122.75
33.94,-118.19
37.5,-121.96
38.52,-121.97
37.29,-121.89
33.94,-118.19
39.15,-122.15
33.58,-117.16
36.85,-121.4
34.5,-117.19
33.94,-118.19
38.69,-121.08
38.52,-121.97
35.59,-119.34
33.58,-117.16
35.28,-120.66
37.95,-122.06
34.3,-119.22
33.42,-117.43
33.76,-116.34
40.18,-122.24
33.76,-116.34
33.58,-117.16
38.47,-122.75
33.55,-117.21
33.58,-117.16
33.55,-117.21
37.72,-122.49
39.02,-122.06
37.77,-120.85
33.58,-117.16
34.51,-119.73
33.55,-117.21
37.84,-121.21
33.58,-117.16
33.74,-116.41
33.72,-116.34
34.01,-118.5
37.68,-121.77
38.11,-122.57
33.55,-117.21
33.58,-117.16
33.55,-117.21
34.22,-119.04
39.15,-121.59
34.0,-117.43
34.0,-117.43
38.44,-122.8
33.55,-117.21
34.0,-117.43
33.55,-117.21
33.98,-117.52
34.69,-118.15
33.72,-116.34
33.55,-117.21
33.52,-117.71
33.58,-117.16
37.64,-121.87
33.55,-117.21
33.76,-116.34
37.23,-120.25
34.1,-117.66
34.43,-118.52
35.62,-117.67
38.25,-122.91
37.84,-121.21
37.67,-122.1
38.03,-121.88
34.69,-118.15
33.19,-117.3
35.5,-119.27
38.05,-122.16
34.04,-117.66
38.23,-122.64
32.73,-117.16
34.44,-118.59
33.72,-118.0
38.03,-121.88
33.68,-118.01
38.4,-122.36
33.94,-118.19
34.51,-119.73
38.03,-121.88
35.88,-119.27
36.85,-121.4
36.68,-121.66
39.21,-122.01
38.05,-122.16
37.79,-122.15
38.9,-121.08
33.82,-117.83
38.03,-121.88
33.82,-117.83
33.99,-118.15
39.28,-121.66
34.69,-118.15
34.37,-118.61
33.74,-117.81
37.12,-120.26
34.58,-118.12
34.43,-118.52
34.44,-118.46
34.46,-118.56
34.37,-118.61
34.69,-118.15
34.15,-118.81
38.03,-121.88
34.69,-118.15
38.68,-121.77
34.43,-118.52
33.92,-118.27
34.44,-118.46
32.73,-117.16
33.68,-118.01
36.68,-119.93
38.03,-121.88
32.8,-116.97
38.25,-122.04
34.03,-117.81
39.65,-121.8
37.9,-122.28
34.23,-118.24
37.38,-122.24
39.73,-121.84
34.23,-118.24
38.03,-121.88
34.21,-118.2
37.37,-122.02
37.43,-121.9
38.03,-121.88
34.2,-118.87
32.72,-117.13
33.86,-118.06
37.68,-121.77
39.51,-121.56
34.38,-117.39
37.26,-122.02
34.01,-117.68
38.05,-122.16
38.03,-121.88
36.98,-121.95
37.72,-122.08
38.4,-122.36
35.28,-120.66
36.97,-122.03
32.84,-116.97
35.37,-120.85
35.31,-120.84
33.6,-117.59
37.94,-122.39
33.86,-116.57
38.03,-121.88
33.77,-117.94
37.35,-121.88
32.6,-116.9
37.96,-122.55
38.44,-122.71
34.14,-118.66
33.94,-118.19
33.82,-117.83
38.03,-121.88
37.74,-121.43
33.79,-117.88
34.1,-118.41
32.84,-116.97
37.24,-121.83
33.67,-117.75
33.74,-118.39
39.76,-121.62
37.38,-122.14
37.4,-121.86
32.84,-116.97
33.95,-118.09
38.11,-122.57
37.95,-121.96
33.49,-117.15
37.78,-121.98
37.29,-121.83
37.63,-122.05
33.74,-118.39
37.63,-122.05
34.69,-118.15
37.06,-120.85
33.57,-117.73
32.84,-116.97
37.24,-121.83
34.68,-118.45
33.78,-118.2
34.0,-117.43
35.11,-119.02
38.68,-121.77
32.74,-117.12
34.04,-117.75
33.91,-118.35
34.05,-117.99
34.43,-118.52
34.68,-118.45
38.47,-122.75
33.98,-117.89
38.4,-122.82
33.88,-117.54
36.96,-120.06
41.05,-121.4
33.61,-117.67
36.33,-119.65
34.1,-117.77
37.84,-121.21
34.1,-117.72
33.83,-118.32
37.29,-121.83
33.74,-116.41
38.05,-122.16
37.29,-121.83
33.82,-118.26
38.05,-122.16
33.1,-117.25
38.05,-122.16
37.83,-122.29
33.55,-117.21
37.37,-121.76
37.28,-121.69
34.15,-118.81
38.4,-122.75
38.15,-122.27
32.8,-116.97
34.03,-117.04
34.15,-118.81
38.4,-122.75
33.22,-117.03
33.79,-117.88
33.82,-118.26
38.5,-123.0
38.55,-122.82
38.0,-121.81
37.24,-121.83
35.4,-118.98
38.17,-122.26
34.46,-119.81
37.78,-121.98
37.94,-122.39
37.78,-121.98
37.8,-121.98
38.58,-121.53
37.95,-122.02
33.93,-117.8
37.8,-121.98
36.19,-119.82
36.3,-119.78
36.3,-119.78
37.33,-121.77
33.72,-116.34
38.54,-121.74
32.74,-117.2
38.05,-122.16
38.05,-122.16
39.01,-122.02
38.51,-122.47
32.83,-117.16
33.55,-117.64
37.95,-122.02
33.76,-116.54
33.99,-118.09
33.91,-118.35
38.51,-122.47
33.86,-116.57
34.05,-117.44
37.74,-122.18
33.74,-116.41
39.15,-122.15
38.4,-122.82
33.8,-117.15
38.03,-121.88
37.68,-121.77
33.8,-117.02
33.72,-116.34
34.22,-119.04
36.37,-119.03
37.52,-122.28
37.61,-122.49
37.29,-121.89
38.42,-121.53
38.23,-122.32
37.61,-122.12
32.96,-117.27
33.62,-114.59
39.5,-121.74
38.52,-121.97
39.94,-120.95
36.73,-121.64
34.26,-118.71
39.15,-121.59
34.01,-118.47
36.99,-121.96
34.5,-117.19
34.15,-117.97
33.71,-117.77
34.05,-116.58
33.93,-118.02
35.62,-117.67
33.74,-116.41
35.28,-120.66
33.62,-114.59
34.09,-118.6
33.87,-117.87
35.0,-117.65
33.85,-118.13
33.74,-116.41
38.51,-122.47
37.68,-122.49
33.9,-118.32
33.72,-116.34
38.36,-122.52
38.32,-122.3
37.68,-122.12
34.5,-117.19
37.39,-122.02
32.61,-117.04
35.26,-118.91
38.68,-121.77
38.89,-121.02
37.29,-121.89
33.55,-117.64
37.68,-122.12
34.06,-117.18
39.75,-121.84
37.67,-122.1
33.09,-117.05
37.68,-122.12
37.29,-121.89
39.75,-121.84
37.68,-122.12
34.59,-118.18
37.68,-122.12
37.43,-121.95
39.73,-121.84
37.68,-122.12
38.5,-120.76
33.0,-117.07
37.24,-121.96
37.68,-122.12
34.06,-117.18
37.67,-122.1
37.51,-121.91
35.64,-120.65
39.73,-121.84
38.44,-122.8
34.07,-117.16
39.73,-121.84
38.03,-121.88
32.83,-117.09
38.55,-122.82
36.81,-119.71
36.81,-119.71
36.81,-119.71
33.38,-117.25
37.84,-121.21
33.55,-117.21
35.49,-120.67
33.61,-117.67
34.5,-117.19
37.43,-121.9
37.05,-122.01
37.29,-121.89
39.11,-121.13
36.96,-120.06
34.44,-119.83
35.37,-119.02
33.91,-118.35
38.99,-121.1
33.86,-116.57
34.02,-117.95
33.62,-114.59
37.05,-122.07
38.67,-120.99
34.0,-117.43
37.13,-121.65
33.99,-118.15
37.73,-122.38
33.74,-116.41
34.44,-118.59
34.07,-117.4
32.77,-117.14
34.1,-117.31
32.81,-117.13
33.66,-117.83
34.13,-117.21
34.96,-120.49
33.76,-116.54
32.81,-117.13
34.28,-119.17
34.1,-117.29
33.94,-118.33
33.71,-117.95
33.72,-116.34
35.62,-117.67
37.33,-121.89
33.74,-116.41
38.33,-122.71
33.72,-116.34
38.45,-121.82
33.72,-116.34
37.94,-122.53
33.14,-117.32
34.15,-117.47
36.97,-122.03
33.72,-116.34
34.0,-117.06
39.14,-121.62
34.21,-119.17
32.81,-117.13
37.95,-122.06
37.77,-120.85
32.75,-117.17
36.33,-119.65
38.6,-121.53
36.33,-119.65
37.3,-120.48
37.78,-121.98
33.8,-118.07
37.3,-120.48
36.33,-119.65
37.68,-121.77
32.9,-117.2
34.02,-118.11
34.08,-117.47
37.46,-122.2
32.74,-117.2
33.9,-118.16
37.6,-122.04
33.69,-116.41
32.77,-117.14
34.11,-117.81
39.15,-123.21
32.77,-117.14
33.53,-117.71
37.91,-122.07
33.69,-117.79
32.71,-117.24
34.14,-117.98
38.58,-121.53
33.62,-114.59
33.74,-116.41
33.0,-117.07
33.49,-117.15
33.92,-118.01
33.62,-114.59
32.79,-117.07
33.62,-114.59
37.69,-122.45
37.88,-122.03
33.62,-114.59
34.21,-119.17
34.03,-117.81
33.69,-116.41
38.58,-121.53
37.61,-122.12
33.74,-116.41
33.62,-114.59
37.74,-121.14
37.91,-122.54
33.62,-114.59
34.07,-117.61
38.05,-121.35
34.1,-117.29
34.1,-117.58
38.05,-121.35
37.61,-122.49
38.04,-121.3
34.1,-117.72
33.62,-114.59
38.11,-122.25
37.43,-122.25
33.72,-116.34
34.49,-117.3
37.5,-121.96
33.72,-116.34
37.65,-122.42
38.52,-121.97
36.3,-119.38
33.74,-116.41
38.03,-121.88
32.77,-117.14
32.79,-117.07
33.62,-114.59
37.65,-122.42
34.08,-117.69
37.65,-122.42
33.72,-116.34
38.45,-121.82
37.65,-122.42
33.09,-117.05
34.02,-118.11
37.65,-122.42
32.77,-117.2
34.05,-118.14
34.28,-119.17
33.72,-116.34
39.01,-123.37
33.76,-116.34
37.32,-122.03
37.65,-122.42
38.06,-122.5
38.05,-122.16
33.68,-118.01
33.47,-117.63
36.91,-121.76
33.83,-117.85
37.35,-121.88
37.61,-122.12
32.84,-116.97
39.15,-122.15
37.3,-121.81
37.29,-121.83
36.97,-122.03
39.73,-121.84
33.85,-118.15
34.1,-117.66
40.04,-122.2
39.04,-122.92
37.93,-121.7
40.04,-122.2
33.47,-117.63
36.68,-119.93
38.29,-122.46
36.07,-119.02
37.68,-121.77
36.54,-119.83
38.44,-122.8
37.39,-121.9
39.75,-121.84
39.73,-121.84
38.32,-122.3
36.68,-119.72
36.54,-119.83
39.41,-121.71
37.13,-121.65
33.2,-117.38
35.45,-118.79
36.79,-121.65
38.17,-122.26
39.15,-121.59
37.91,-122.69
38.35,-120.77
38.6,-121.53
37.32,-121.94
33.86,-116.57
35.12,-120.59
37.69,-122.16
33.93,-116.98
37.24,-121.83
38.25,-122.04
38.36,-121.99
37.33,-121.92
38.32,-122.3
36.84,-119.8
38.4,-122.75
33.93,-117.95
36.54,-119.83
37.17,-121.84
36.54,-119.83
37.5,-121.96
38.61,-122.87
33.58,-117.16
36.33,-119.65
36.68,-119.72
37.26,-121.88
38.4,-122.75
38.32,-122.3
38.68,-123.43
34.03,-117.58
33.09,-117.05
37.85,-122.27
39.46,-121.99
37.61,-122.12
36.79,-121.65
39.21,-122.01
40.49,-121.89
38.4,-122.75
37.6,-122.04
33.2,-117.38
35.28,-120.66
37.6,-122.04
32.84,-116.97
38.45,-121.82
38.45,-121.82
38.45,-121.82
39.75,-121.84
40.18,-122.24
33.12,-117.19
39.1,-121.55
37.55,-121.97
36.91,-121.76
38.29,-122.46
38.69,-121.08
33.98,-117.52
37.39,-122.08
37.39,-122.11
37.3,-120.48
37.7,-121.94
37.58,-122.35
38.99,-121.1
40.59,-122.39
40.56,-122.24
33.65,-117.84
38.47,-122.75
35.14,-119.46
35.14,-119.46
35.14,-119.46
37.82,-122.0
36.3,-119.78
36.61,-121.82
36.68,-121.66
39.26,-121.02
36.69,-121.6
38.32,-122.3
37.39,-120.61
35.28,-120.66
37.51,-121.91
33.16,-117.16
35.28,-120.66
35.28,-120.66
37.17,-121.84
36.68,-119.72
35.64,-120.65
38.34,-122.7
37.24,-121.83
37.51,-122.26
34.22,-117.39
38.03,-122.03
38.44,-122.4
38.4,-122.82
37.68,-121.77
37.66,-119.8
37.65,-122.42
37.36,-118.4
35.52,-118.91
33.19,-117.3
34.0,-117.98
32.81,-117.13
38.44,-122.8
34.35,-119.06
32.81,-117.13
37.53,-122.04
36.68,-119.72
37.65,-118.97
36.63,-119.68
32.67,-117.1
37.43,-122.07
38.1,-122.57
32.76,-117.07
36.51,-119.55
37.13,-121.65
38.01,-122.26
37.39,-122.11
37.51,-122.26
32.81,-117.13
37.65,-122.42
37.38,-122.24
35.64,-120.65
37.5,-121.96
32.84,-116.77
33.62,-114.59
38.19,-120.98
33.09,-117.05
37.38,-122.24
37.65,-122.42
37.65,-122.42
37.94,-122.39
37.68,-122.49
37.68,-122.49
38.07,-120.54
38.19,-120.83
38.35,-120.93
32.84,-116.77
37.92,-122.08
38.4,-122.82
33.76,-116.34
37.01,-121.57
32.87,-117.13
37.93,-121.7
33.93,-116.98
34.15,-117.51
37.95,-122.02
36.63,-119.68
39.15,-121.59
36.63,-119.68
36.63,-119.68
39.51,-121.56
37.35,-121.88
36.86,-120.46
39.14,-121.62
36.86,-120.46
36.86,-120.46
37.91,-122.69
35.59,-119.34
36.33,-119.65
36.96,-120.06
37.91,-122.69
36.96,-120.06
39.51,-121.56
36.99,-119.86
36.96,-120.06
36.99,-119.86
36.99,-119.86
36.99,-119.86
33.98,-117.52
36.99,-119.86
37.93,-121.7
37.13,-121.65
34.14,-118.0
37.24,-121.96
38.47,-122.75
35.11,-119.02
33.88,-117.54
39.51,-121.56
37.96,-121.77
39.51,-121.56
37.96,-121.29
34.59,-117.82
34.5,-117.19
34.5,-117.19
34.5,-117.19
38.55,-122.82
37.91,-122.69
37.86,-122.23
36.3,-119.78
36.6,-121.89
36.3,-119.78
36.3,-119.78
34.5,-117.19
35.26,-118.91
34.06,-117.18
33.87,-118.38
36.86,-120.46
33.52,-117.71
35.5,-119.27
38.71,-122.9
34.4,-119.73
39.51,-121.56
39.51,-121.56
39.51,-121.56
39.51,-121.56
39.51,-121.56
33.85,-118.12
38.36,-122.52
35.35,-119.06
38.55,-122.82
33.65,-117.92
34.09,-117.26
37.5,-121.96
34.69,-118.15
37.91,-122.07
32.96,-117.04
33.61,-117.67
38.03,-122.03
37.91,-122.07
36.51,-119.55
34.14,-117.98
37.95,-122.02
32.83,-117.16
37.88,-122.03
34.69,-118.15
33.88,-117.9
37.33,-121.77
36.51,-119.55
33.74,-118.19
32.86,-117.2
34.58,-118.03
37.33,-120.85
33.72,-116.34
37.95,-122.06
34.58,-118.12
32.77,-117.2
34.69,-118.15
38.68,-121.77
38.23,-122.64
33.12,-117.09
38.13,-121.27
33.94,-118.19
37.95,-122.02
33.16,-117.16
37.95,-121.96
33.61,-117.64
33.09,-117.05
37.94,-121.94
33.74,-118.19
37.68,-121.77
33.18,-117.25
34.21,-119.17
37.95,-122.02
34.21,-119.17
33.67,-117.75
34.3,-119.22
34.69,-118.15
32.6,-116.9
33.74,-116.41
38.03,-121.96
34.69,-118.15
35.11,-119.02
34.69,-118.15
37.95,-121.96
32.81,-117.13
33.8,-117.77
37.95,-122.06
34.07,-117.16
37.38,-122.24
34.59,-118.18
34.69,-118.15
38.54,-121.74
33.95,-118.09
32.77,-117.14
34.03,-117.81
37.92,-122.34
36.33,-119.65
34.21,-119.17
34.84,-118.86
38.74,-120.67
38.29,-122.46
33.72,-116.34
39.36,-121.69
34.5,-117.19
37.38,-122.24
37.39,-122.11
35.77,-119.25
38.16,-121.15
38.54,-121.74
33.53,-117.11
36.97,-122.03
37.92,-122.34
34.59,-118.18
37.38,-122.09
37.35,-121.88
33.66,-117.19
33.74,-116.41
33.98,-117.52
32.77,-117.01
37.41,-122.02
34.69,-118.15
37.95,-122.06
34.65,-118.22
37.95,-121.96
37.95,-122.56
34.52,-117.98
38.23,-122.64
33.09,-117.14
35.77,-119.25
39.15,-121.59
32.79,-117.07
34.69,-118.15
37.81,-122.31
39.93,-122.18
33.86,-116.57
34.51,-119.73
35.42,-118.71
32.71,-117.24
35.28,-120.66
33.76,-116.54
36.75,-120.38
37.96,-121.29
33.87,-118.38
34.69,-118.15
37.94,-122.39
37.89,-122.12
33.9,-117.93
38.0,-121.81
37.94,-121.94
34.43,-118.52
33.74,-117.81
38.58,-121.53
33.86,-116.57
37.95,-122.06
32.77,-117.14
33.86,-116.57
37.95,-122.06
37.95,-122.06
35.13,-118.45
37.89,-122.12
37.95,-121.96
34.14,-117.23
33.1,-117.25
33.78,-118.2
37.91,-122.07
38.32,-122.3
32.73,-117.16
36.21,-119.35
37.95,-121.96
32.92,-117.14
34.07,-117.61
39.15,-121.59
34.09,-117.96
32.73,-117.1
33.92,-118.4
33.69,-117.27
37.95,-122.06
36.33,-119.29
37.76,-122.43
38.03,-122.03
38.13,-121.27
33.92,-117.9
37.39,-122.11
33.22,-117.11
33.88,-117.54
37.99,-122.01
37.91,-122.07
34.12,-117.85
33.5,-117.66
37.95,-122.02
37.95,-121.96
33.72,-116.34
37.88,-122.03
34.46,-119.81
37.17,-121.84
34.08,-118.04
37.95,-122.02
34.08,-118.04
37.95,-122.06
33.92,-117.9
37.94,-121.15
33.69,-116.41
37.95,-122.06
38.03,-121.96
34.46,-119.81
34.09,-118.6
38.03,-121.96
37.28,-121.95
38.03,-121.96
38.03,-122.03
37.99,-122.01
34.58,-118.12
38.23,-122.64
34.03,-117.93
32.8,-116.97
34.58,-118.03
37.43,-121.9
34.59,-118.18
34.58,-118.03
37.97,-122.5
34.05,-118.45
33.47,-117.63
33.81,-118.22
39.15,-123.21
38.02,-122.13
34.58,-118.12
35.0,-117.65
38.61,-122.87
34.59,-118.18
32.73,-117.16
35.62,-117.67
35.05,-118.17
37.95,-121.96
35.96,-119.04
33.96,-117.73
38.03,-122.03
37.38,-122.24
37.77,-122.21
33.81,-118.22
34.18,-118.95
37.92,-122.34
38.4,-122.82
34.59,-118.18
34.58,-118.12
34.58,-118.12
34.58,-118.12
37.89,-122.12
34.01,-117.68
34.58,-118.03
33.72,-116.34
37.95,-122.06
40.59,-122.39
34.58,-118.12
34.58,-118.03
34.58,-118.12
34.58,-118.03
34.59,-118.18
34.58,-118.12
37.89,-122.12
33.83,-118.32
38.11,-122.25
34.58,-118.03
34.92,-117.89
38.03,-121.96
36.33,-119.29
35.0,-117.65
34.58,-118.03
38.61,-122.87
34.08,-117.47
33.94,-118.13
33.96,-118.19
33.42,-117.43
33.74,-116.41
37.43,-121.9
37.63,-122.41
33.92,-118.4
37.43,-121.9
33.72,-116.34
37.43,-121.9
34.01,-118.5
37.65,-122.42
33.02,-117.2
37.63,-122.41
37.39,-120.72
34.43,-117.3
37.43,-121.9
34.49,-117.42
33.62,-114.59
36.85,-121.4
37.43,-121.9
36.75,-119.71
32.7,-117.12
37.63,-122.41
37.63,-122.41
37.93,-122.53
37.63,-122.41
38.0,-121.81
37.43,-121.9
33.76,-116.34
38.0,-121.81
33.12,-117.09
33.69,-117.79
38.02,-122.13
37.43,-121.9
33.69,-117.79
33.71,-117.77
34.09,-117.96
38.36,-121.99
33.09,-117.05
33.71,-117.77
37.63,-122.41
33.68,-117.83
37.43,-121.9
33.09,-117.05
33.63,-117.8
37.63,-122.41
33.63,-117.87
33.72,-116.34
33.69,-117.82
39.22,-121.06
38.44,-122.71
37.65,-122.42
33.91,-118.35
36.85,-121.4
34.15,-118.76
36.85,-121.4
36.97,-122.03
34.44,-118.59
36.85,-121.4
33.09,-117.05
36.85,-121.4
39.75,-121.84
37.35,-121.88
32.74,-117.2
37.47,-122.14
34.69,-118.15
40.02,-122.1
32.86,-116.92
33.9,-117.63
35.5,-119.27
37.43,-122.07
36.97,-122.03
37.36,-118.4
32.77,-117.01
34.15,-118.81
33.69,-117.82
36.85,-121.4
38.13,-121.27
34.59,-118.18
37.68,-121.77
33.99,-118.09
36.85,-121.4
32.77,-117.14
33.84,-117.54
37.65,-122.42
33.49,-117.15
37.29,-121.89
33.22,-117.03
33.99,-118.4
33.72,-116.34
38.79,-121.23
33.76,-116.34
37.65,-122.42
38.06,-122.7
33.2,-117.38
36.85,-121.4
33.09,-117.05
33.88,-118.24
36.85,-121.4
34.03,-117.04
37.83,-122.29
32.89,-117.07
39.52,-122.19
33.69,-117.79
36.3,-119.38
33.66,-117.83
37.43,-121.9
37.43,-121.9
37.96,-121.29
33.47,-117.63
33.42,-117.43
33.68,-117.83
34.03,-118.78
32.84,-116.97
33.76,-116.34
38.02,-122.13
38.29,-122.46
38.0,-121.81
38.02,-122.13
37.95,-122.06
33.92,-118.13
37.94,-122.39
38.02,-122.13
32.64,-117.06
34.02,-117.95
33.67,-117.75
33.88,-118.12
33.75,-117.83
33.67,-117.75
37.43,-121.9
38.54,-121.74
37.43,-121.9
34.4,-119.52
33.04,-116.88
33.69,-117.79
33.85,-118.15
32.81,-117.13
33.69,-117.79
32.81,-117.13
38.12,-122.55
