lat,lon
40.81,-124.15
32.64,-117.06
38.44,-122.71
37.4,-121.86
37.35,-122.03
32.92,-117.14
32.81,-117.13
32.73,-117.16
37.61,-122.49
37.5,-121.96
32.81,-117.13
33.47,-117.63
32.73,-117.1
37.24,-121.83
33.09,-117.05
37.93,-122.53
36.54,-119.83
32.81,-117.13
37.32,-122.03
37.89,-122.12
38.4,-122.82
38.03,-121.88
33.55,-117.64
33.22,-117.03
40.59,-122.39
35.28,-120.66
36.83,-119.68
33.47,-117.63
38.03,-121.88
32.83,-117.09
37.12,-120.26
40.59,-122.39
37.24,-121.96
32.84,-116.97
33.2,-117.38
38.03,-121.88
32.81,-117.13
32.77,-117.14
38.41,-122.55
37.81,-122.31
32.81,-117.13
33.1,-117.25
32.77,-117.14
36.97,-122.03
37.68,-121.77
33.09,-117.05
33.1,-117.25
37.29,-121.89
37.6,-122.39
33.5,-117.66
32.86,-116.92
33.16,-117.16
37.27,-121.85
33.2,-117.38
36.68,-121.8
37.17,-121.84
37.5,-122.21
32.74,-117.2
32.75,-117.17
38.47,-122.59
32.84,-116.97
37.24,-121.83
32.73,-117.16
39.31,-123.8
33.38,-117.25
32.77,-117.01
35.34,-119.03
32.83,-117.16
33.12,-117.19
37.39,-122.11
33.22,-117.11
38.52,-121.97
37.33,-121.77
37.37,-121.76
37.43,-121.95
32.71,-117.24
36.85,-121.4
33.0,-117.07
38.87,-121.13
32.9,-117.2
33.22,-117.03
32.77,-117.14
37.52,-122.34
35.4,-118.98
38.03,-121.88
37.58,-122.35
38.58,-121.53
33.09,-117.05
35.37,-119.02
32.8,-116.97
32.83,-117.16
32.74,-117.2
37.53,-122.31
33.16,-117.16
37.95,-122.02
32.74,-117.2
32.96,-117.27
32.9,-117.2
33.61,-117.67
37.94,-121.15
37.31,-121.99
38.03,-121.88
33.55,-117.64
38.25,-122.91
38.68,-121.77
32.81,-117.13
38.99,-121.1
37.61,-122.12
33.09,-117.05
32.6,-116.9
37.95,-122.56
33.12,-117.09
39.45,-123.81
38.47,-122.75
38.23,-122.64
37.61,-122.49
32.76,-117.07
40.52,-122.32
36.75,-119.71
33.09,-117.05
33.38,-117.25
37.91,-122.54
36.96,-120.06
32.81,-117.13
38.03,-121.88
32.84,-116.77
33.04,-116.88
41.75,-123.32
38.11,-122.57
32.84,-116.97
32.6,-116.9
33.09,-117.05
39.45,-123.81
37.68,-122.12
38.11,-122.57
36.68,-119.72
37.68,-122.49
38.23,-122.64
32.84,-116.77
38.03,-121.88
38.67,-120.94
39.45,-123.81
32.86,-117.2
32.89,-117.07
38.8,-121.72
37.12,-120.26
32.81,-117.13
37.73,-121.43
32.84,-116.97
32.81,-117.13
37.92,-122.31
32.84,-116.77
35.11,-119.02
32.83,-117.16
32.61,-117.04
38.03,-121.88
39.45,-123.81
37.84,-122.24
32.77,-117.14
36.54,-119.39
33.12,-117.09
33.19,-117.3
32.77,-117.01
32.96,-117.04
38.12,-122.55
37.84,-121.21
39.45,-123.81
38.61,-122.87
36.68,-121.66
37.32,-122.03
33.0,-117.07
32.71,-117.24
37.96,-122.55
33.09,-117.05
38.03,-121.88
32.67,-117.1
33.26,-117.28
33.52,-117.71
32.79,-117.07
32.81,-117.13
33.3,-116.98
37.95,-122.02
32.8,-116.97
32.73,-117.16
32.77,-117.14
33.2,-117.38
37.43,-121.9
37.77,-120.85
32.77,-117.2
37.79,-122.42
38.03,-121.88
37.68,-121.77
32.6,-116.9
39.75,-121.84
32.61,-117.04
37.31,-121.99
32.77,-117.2
32.73,-117.16
37.64,-121.87
33.18,-117.25
38.15,-122.27
37.57,-122.38
39.45,-123.81
33.42,-117.43
38.03,-121.88
37.32,-122.03
32.79,-117.07
38.29,-122.46
37.72,-122.49
35.37,-119.02
37.96,-121.77
32.79,-117.07
37.69,-122.45
38.68,-121.77
33.22,-117.03
38.44,-122.8
32.73,-117.16
37.61,-122.12
37.61,-122.12
32.81,-117.13
37.68,-121.77
35.64,-120.65
37.29,-121.83
38.03,-121.88
38.54,-121.74
33.02,-117.2
33.42,-117.43
33.68,-117.91
37.36,-121.85
33.72,-116.34
37.63,-122.41
37.63,-122.41
37.65,-122.42
37.63,-122.41
34.43,-117.3
37.39,-120.72
34.49,-117.42
33.62,-114.59
36.85,-121.4
36.75,-119.71
34.09,-117.96
37.63,-122.41
39.22,-121.06
34.59,-118.18
37.65,-122.42
33.99,-118.09
33.84,-117.54
36.85,-121.4
37.65,-122.42
33.72,-116.34
37.83,-122.29
33.76,-116.34
38.79,-121.23
38.06,-122.7
36.85,-121.4
34.13,-117.21
37.63,-122.41
33.74,-116.41
37.63,-122.41
38.54,-121.74
33.69,-117.79
37.96,-121.29
33.69,-117.79
33.92,-118.13
33.67,-117.75
34.41,-118.42
38.02,-122.13
33.68,-117.83
38.02,-122.13
33.69,-117.79
37.94,-122.39
33.69,-117.82
38.0,-121.81
33.76,-116.34
38.0,-121.81
33.69,-117.79
38.02,-122.13
33.69,-117.79
33.69,-117.82
38.36,-121.99
33.71,-117.77
33.68,-117.83
37.63,-122.41
33.63,-117.8
33.63,-117.87
37.63,-122.41
33.88,-118.24
36.85,-121.4
34.03,-117.04
33.99,-118.4
33.53,-117.71
39.15,-123.21
33.69,-117.79
37.91,-122.07
34.14,-117.98
37.77,-120.85
35.62,-117.67
34.1,-117.31
33.66,-117.83
34.13,-117.21
34.96,-120.49
34.28,-119.17
34.1,-117.29
33.94,-118.33
38.55,-122.82
34.21,-119.17
38.33,-122.71
38.23,-122.32
37.94,-122.53
34.15,-117.47
39.14,-121.62
37.65,-122.42
34.49,-117.3
37.5,-121.96
37.65,-122.42
38.03,-121.88
37.65,-122.42
34.11,-117.81
33.75,-117.83
37.6,-122.04
37.46,-122.2
36.85,-121.4
33.91,-118.35
34.15,-118.76
36.85,-121.4
34.44,-118.59
36.85,-121.4
36.85,-121.4
39.75,-121.84
34.69,-118.15
37.47,-122.14
33.9,-117.63
34.13,-116.31
37.43,-122.07
36.97,-122.03
33.65,-117.92
35.35,-119.06
34.02,-118.11
36.33,-119.65
38.6,-121.53
36.33,-119.65
33.8,-118.07
37.3,-120.48
36.33,-119.65
37.3,-120.48
34.02,-118.11
37.42,-120.14
34.08,-117.47
33.9,-118.16
33.62,-114.59
38.02,-122.13
37.95,-122.06
33.61,-117.64
37.95,-121.96
37.94,-121.94
34.21,-119.17
37.95,-122.02
34.69,-118.15
33.74,-116.41
34.69,-118.15
34.69,-118.15
38.03,-121.96
33.8,-117.77
37.95,-121.96
37.95,-122.02
34.21,-119.17
37.88,-122.03
34.09,-117.26
34.69,-118.15
33.61,-117.67
37.91,-122.07
33.74,-117.81
37.91,-122.07
34.14,-117.98
34.69,-118.15
37.95,-122.02
34.23,-119.18
33.88,-117.9
37.95,-122.06
33.94,-118.19
38.03,-121.96
34.43,-118.52
34.58,-118.03
34.92,-117.89
38.03,-121.96
35.0,-117.65
34.58,-118.03
34.58,-118.03
34.18,-118.95
34.58,-118.12
34.12,-117.85
34.03,-117.93
38.23,-122.64
34.58,-118.03
34.59,-118.18
34.58,-118.03
34.05,-118.45
33.88,-117.54
33.81,-118.22
34.58,-118.12
35.0,-117.65
38.02,-122.13
34.59,-118.18
35.62,-117.67
35.96,-119.04
37.95,-121.96
33.96,-117.73
38.03,-122.03
33.74,-117.81
37.33,-121.77
34.58,-118.03
33.72,-116.34
37.33,-120.85
34.21,-119.17
34.84,-118.86
33.72,-116.34
39.36,-121.69
33.98,-117.52
35.77,-119.25
37.39,-122.11
33.53,-117.11
38.54,-121.74
34.59,-118.18
36.97,-122.03
33.66,-117.19
37.38,-122.09
33.74,-116.41
34.08,-117.47
33.96,-118.19
36.3,-119.38
37.94,-121.94
34.03,-118.78
38.0,-121.81
33.88,-118.12
33.76,-116.34
33.67,-117.75
34.02,-117.95
33.85,-118.15
38.29,-122.46
33.66,-117.83
34.51,-119.73
34.4,-119.52
37.92,-122.34
34.03,-117.81
34.58,-118.12
37.95,-122.06
34.69,-118.15
34.59,-118.18
34.95,-120.44
34.69,-118.15
34.65,-118.22
37.95,-122.06
34.52,-117.98
35.77,-119.25
38.23,-122.64
39.15,-121.59
34.69,-118.15
33.86,-116.57
37.81,-122.31
34.51,-119.73
35.42,-118.71
34.61,-120.08
34.69,-118.15
35.28,-120.66
33.87,-118.38
34.69,-118.15
36.75,-120.38
33.9,-117.93
34.51,-119.73
34.69,-118.15
34.5,-117.19
38.54,-121.74
37.95,-122.06
37.65,-122.42
37.65,-122.42
35.11,-119.02
39.15,-121.59
38.34,-122.7
39.41,-121.71
36.57,-119.61
37.13,-121.65
39.73,-121.84
39.15,-121.59
37.73,-122.21
38.6,-121.53
35.12,-120.59
37.69,-122.16
41.05,-121.4
38.25,-122.04
38.32,-122.3
39.52,-122.19
38.4,-122.75
36.54,-119.83
36.54,-119.83
36.54,-119.83
36.54,-119.83
36.68,-119.72
38.32,-122.3
36.91,-121.76
37.35,-121.88
37.61,-122.12
38.36,-121.99
37.24,-121.96
37.13,-121.65
36.99,-119.86
36.3,-119.78
36.3,-119.78
36.3,-119.78
36.3,-119.78
35.26,-118.91
36.86,-120.46
38.71,-122.9
39.51,-121.56
39.51,-121.56
39.51,-121.56
39.51,-121.56
39.51,-121.56
39.51,-121.56
39.51,-121.56
39.51,-121.56
37.35,-121.88
36.86,-120.46
36.86,-120.46
36.86,-120.46
35.59,-119.34
36.33,-119.65
36.96,-120.06
36.99,-119.86
36.96,-120.06
36.99,-119.86
36.99,-119.86
36.99,-119.86
39.15,-122.15
37.3,-121.81
37.29,-121.83
39.73,-121.84
37.39,-120.61
35.28,-120.66
37.51,-121.91
35.28,-120.66
35.28,-120.66
38.69,-121.08
38.29,-122.46
38.4,-122.75
38.4,-122.75
38.32,-122.3
38.68,-123.43
37.85,-122.27
39.46,-121.99
37.61,-122.12
37.52,-120.44
39.21,-122.01
40.49,-121.89
37.69,-122.16
36.91,-121.76
38.36,-121.99
35.28,-120.66
38.68,-121.77
38.45,-121.82
38.45,-121.82
39.75,-121.84
40.18,-122.24
39.1,-121.55
38.32,-122.3
37.86,-122.23
39.26,-121.02
36.61,-121.82
40.04,-122.2
39.73,-121.84
37.93,-121.7
40.04,-122.2
36.68,-119.93
38.29,-122.46
37.68,-121.77
36.54,-119.83
37.39,-121.9
39.75,-121.84
38.61,-122.87
36.68,-119.72
36.68,-119.72
37.39,-122.08
37.39,-122.11
37.3,-120.48
37.7,-121.94
37.58,-122.35
38.99,-121.1
40.59,-122.39
40.56,-122.24
38.47,-122.75
35.14,-119.46
35.14,-119.46
35.14,-119.46
37.52,-122.34
36.3,-119.78
36.68,-121.66
34.08,-117.69
38.55,-122.82
36.63,-119.68
39.94,-120.95
37.26,-121.0
38.51,-122.47
39.15,-122.15
38.03,-121.88
38.52,-121.97
36.37,-119.03
37.52,-122.28
37.29,-121.89
38.42,-121.53
37.61,-122.12
39.5,-121.74
38.25,-122.04
35.26,-118.91
36.81,-119.71
36.81,-119.71
37.84,-121.21
35.49,-120.67
37.43,-121.9
37.05,-122.01
39.11,-121.13
34.44,-119.83
36.96,-120.06
38.99,-121.1
37.05,-122.07
37.13,-121.65
38.89,-121.02
34.26,-118.71
37.39,-122.02
38.32,-122.3
37.65,-122.42
34.02,-118.11
34.05,-118.14
34.28,-119.17
39.01,-123.37
37.32,-122.03
33.49,-117.15
38.11,-122.25
33.92,-118.01
34.07,-117.16
37.33,-121.84
37.26,-121.88
34.21,-119.17
37.74,-121.14
34.1,-117.29
38.05,-121.35
38.05,-121.35
34.1,-117.72
38.04,-121.3
34.01,-118.47
39.15,-121.59
33.71,-117.77
35.62,-117.67
35.28,-120.66
38.51,-122.47
33.9,-118.32
38.36,-122.52
37.79,-122.25
38.55,-122.82
38.03,-121.88
37.43,-121.95
38.4,-122.82
33.76,-116.34
37.01,-121.57
33.93,-116.98
37.95,-122.02
37.51,-122.26
37.39,-122.11
37.51,-122.26
34.22,-117.39
38.03,-122.03
38.4,-122.82
37.68,-121.77
37.66,-119.8
37.36,-118.4
35.52,-118.91
39.52,-122.19
34.0,-117.98
38.44,-122.8
38.01,-122.26
37.53,-122.04
36.68,-119.72
38.81,-122.56
37.43,-122.07
38.1,-122.57
36.51,-119.55
36.63,-119.68
36.63,-119.68
37.92,-122.08
37.96,-121.29
38.35,-120.93
37.68,-122.49
37.68,-122.12
39.75,-121.84
37.67,-122.1
37.68,-122.12
39.75,-121.84
37.68,-122.12
37.68,-122.12
39.73,-121.84
38.4,-122.82
39.73,-121.84
37.68,-122.12
38.5,-120.76
37.24,-121.96
37.68,-122.12
37.67,-122.1
37.51,-121.91
38.4,-122.82
38.44,-122.8
38.05,-122.16
37.65,-122.42
37.38,-122.24
33.62,-114.59
37.5,-121.96
38.19,-120.98
37.65,-122.42
37.65,-122.42
37.68,-122.49
38.19,-120.83
33.83,-118.32
34.58,-118.12
34.59,-118.18
33.55,-117.21
33.58,-117.16
33.55,-117.21
33.58,-117.16
33.55,-117.21
33.58,-117.16
33.55,-117.21
33.55,-117.21
33.55,-117.21
34.58,-118.12
34.69,-118.15
34.13,-117.21
39.76,-121.62
33.85,-118.12
33.92,-117.9
36.61,-119.53
35.77,-119.25
33.89,-117.27
33.72,-118.05
33.72,-116.34
34.05,-118.05
38.23,-122.64
34.04,-118.45
34.09,-117.26
33.9,-117.8
33.78,-116.96
33.76,-116.54
33.55,-117.21
33.55,-117.21
33.58,-117.16
37.31,-121.02
33.94,-118.19
33.94,-118.19
39.15,-122.15
33.94,-118.19
33.81,-118.22
38.4,-122.75
33.82,-118.26
33.98,-118.23
37.23,-120.25
37.29,-121.89
33.58,-117.16
34.5,-117.19
33.89,-118.4
33.72,-116.34
33.68,-117.83
34.11,-117.94
36.96,-120.06
34.04,-117.75
33.58,-117.16
33.52,-117.71
33.55,-117.21
33.58,-117.16
33.58,-117.16
33.55,-117.21
33.55,-117.21
33.55,-117.21
36.68,-119.72
35.62,-117.67
38.29,-122.46
33.62,-114.59
33.57,-117.73
37.82,-122.0
33.49,-117.15
37.78,-121.98
34.69,-118.15
37.63,-122.05
33.83,-118.32
34.69,-118.15
37.29,-121.83
38.17,-122.26
37.78,-121.98
37.78,-121.98
37.8,-121.98
38.58,-121.53
36.19,-119.82
36.3,-119.78
33.72,-116.34
36.3,-119.78
38.54,-121.74
38.05,-122.16
38.05,-122.16
39.01,-122.02
38.0,-121.81
37.28,-121.69
38.05,-122.16
33.82,-118.26
38.05,-122.16
38.29,-122.46
33.76,-116.54
34.07,-117.16
33.67,-117.75
35.62,-117.67
33.76,-116.34
34.1,-117.72
38.36,-122.52
33.78,-116.96
34.44,-118.59
37.23,-121.78
34.08,-118.07
33.76,-116.34
33.9,-117.93
35.24,-118.98
33.75,-117.83
35.62,-117.67
34.22,-117.39
37.35,-121.88
33.49,-117.15
34.0,-117.43
34.08,-117.69
35.11,-119.02
34.04,-117.75
33.91,-118.35
38.47,-122.75
34.1,-117.77
34.68,-118.45
34.68,-118.45
34.1,-118.41
37.24,-121.83
39.76,-121.62
38.05,-122.16
33.78,-117.85
34.11,-118.06
38.29,-122.46
38.71,-122.9
37.5,-122.21
37.24,-121.73
34.03,-117.81
34.38,-117.39
36.33,-119.65
34.01,-117.68
34.14,-118.66
33.86,-116.57
33.6,-117.59
35.88,-119.27
38.58,-120.55
33.94,-118.19
38.9,-121.08
34.15,-118.81
33.92,-118.27
33.74,-117.81
33.99,-118.15
34.15,-118.81
34.15,-118.81
38.55,-122.82
33.93,-117.8
33.74,-118.39
33.74,-118.39
33.95,-118.09
34.58,-118.12
38.4,-122.82
36.91,-121.76
38.55,-122.82
37.29,-121.83
37.29,-121.83
37.35,-121.88
37.39,-121.9
37.43,-121.9
38.52,-121.97
37.39,-121.9
38.36,-122.52
37.47,-121.13
38.4,-122.82
38.44,-122.71
38.58,-122.58
37.6,-122.04
37.72,-122.17
38.07,-120.54
39.93,-122.18
40.18,-122.24
40.18,-122.24
39.14,-121.62
39.73,-121.84
32.63,-116.95
35.52,-118.91
35.64,-120.65
38.04,-121.23
37.5,-121.96
37.74,-121.43
36.81,-119.71
36.33,-119.65
34.44,-116.97
33.88,-117.54
33.98,-117.89
33.72,-116.34
33.74,-116.41
34.51,-119.73
34.01,-118.5
39.02,-122.06
33.76,-116.34
33.76,-116.34
40.18,-122.24
34.3,-119.22
34.1,-117.66
33.76,-116.34
37.23,-120.25
33.72,-116.34
34.69,-118.15
33.98,-117.52
34.0,-117.43
34.0,-117.43
34.0,-117.43
34.22,-119.04
33.98,-117.52
37.95,-122.06
34.0,-117.43
33.67,-117.75
33.67,-117.75
34.03,-118.47
33.74,-116.41
33.69,-116.41
34.02,-118.11
33.72,-116.34
33.86,-118.06
34.08,-117.74
34.1,-117.72
34.43,-118.52
34.05,-117.99
33.82,-118.04
33.99,-118.15
33.98,-117.52
34.09,-117.26
33.69,-116.41
37.06,-120.85
33.69,-116.41
34.09,-118.09
33.72,-118.0
33.91,-118.35
33.98,-118.23
36.33,-119.65
36.33,-119.65
34.58,-118.03
33.86,-118.4
33.84,-118.01
33.84,-117.54
33.93,-117.95
33.76,-116.34
34.07,-117.94
38.68,-121.77
34.44,-118.59
33.75,-116.97
33.67,-117.75
33.76,-116.34
33.55,-117.21
37.83,-122.29
38.4,-122.75
37.95,-122.02
33.75,-116.97
33.69,-117.82
33.66,-116.84
34.44,-118.59
33.66,-116.84
33.71,-117.08
33.64,-117.84
38.03,-122.03
34.44,-118.59
33.44,-116.87
33.66,-116.84
33.69,-117.82
33.75,-116.97
33.49,-117.15
33.7,-116.98
33.75,-116.97
33.55,-117.21
33.7,-116.98
35.62,-117.67
36.81,-119.71
33.97,-118.15
33.66,-116.84
33.75,-116.97
33.75,-116.97
33.83,-118.29
33.7,-116.98
33.75,-116.97
33.68,-117.91
38.03,-122.03
34.43,-117.57
34.69,-118.15
34.43,-117.57
37.5,-121.96
36.07,-119.02
34.69,-118.15
34.69,-118.15
34.02,-117.87
34.69,-118.15
34.69,-118.15
36.77,-119.76
34.69,-118.15
34.69,-118.15
34.69,-118.15
34.23,-119.18
33.74,-116.41
35.5,-119.27
34.69,-118.15
36.15,-119.06
34.69,-118.15
34.21,-119.17
34.69,-118.15
34.21,-119.17
33.67,-117.75
38.34,-122.7
35.39,-119.02
34.14,-117.3
33.75,-116.97
33.64,-117.84
37.99,-122.01
34.06,-117.18
35.13,-118.45
37.95,-122.06
34.14,-117.23
37.95,-121.96
36.33,-119.29
37.91,-122.07
36.21,-119.35
37.95,-121.96
34.09,-117.96
34.09,-117.96
34.07,-117.61
34.09,-117.96
39.15,-121.59
33.69,-117.27
37.95,-122.06
33.81,-118.22
34.59,-118.18
34.58,-118.12
34.58,-118.12
34.58,-118.12
34.01,-117.68
34.58,-118.03
33.72,-116.34
37.99,-122.01
34.58,-118.12
34.58,-118.12
34.58,-118.03
33.86,-116.57
34.69,-118.15
37.95,-122.06
33.78,-118.2
33.75,-116.97
33.97,-118.15
33.68,-118.01
37.94,-121.94
37.99,-122.01
33.67,-117.33
33.66,-117.97
33.68,-117.67
37.95,-122.02
33.71,-117.95
33.92,-117.9
37.95,-122.02
33.88,-117.54
37.99,-122.01
37.91,-122.07
34.12,-117.85
33.95,-118.09
37.95,-122.02
37.88,-122.03
34.08,-118.04
37.95,-122.02
34.08,-118.04
37.95,-122.06
38.03,-121.96
34.09,-118.6
34.46,-119.81
38.03,-122.03
33.86,-116.57
34.69,-118.15
34.69,-118.15
34.69,-118.15
33.68,-118.01
38.05,-122.16
38.05,-122.16
36.98,-121.95
38.4,-122.36
36.97,-122.03
37.94,-122.39
33.77,-117.94
37.35,-121.88
34.07,-118.38
38.44,-122.71
39.73,-121.84
36.68,-119.93
38.25,-122.04
34.23,-118.24
37.38,-122.24
34.23,-118.24
39.51,-121.56
34.21,-118.2
37.37,-122.02
34.2,-118.87
37.43,-121.9
33.72,-116.34
37.68,-121.77
38.47,-122.75
38.4,-122.75
33.52,-117.71
34.44,-118.46
33.75,-117.87
36.85,-121.4
34.51,-119.73
38.47,-122.75
34.03,-117.04
38.05,-122.16
38.4,-122.75
38.4,-122.75
33.79,-117.88
33.79,-117.88
33.82,-117.83
33.82,-117.83
33.82,-117.83
34.37,-118.61
34.43,-118.52
34.44,-118.46
34.46,-118.56
34.37,-118.61
39.28,-121.66
34.69,-118.15
34.43,-118.52
34.44,-118.59
34.69,-118.15
37.67,-122.1
38.05,-122.16
34.04,-117.66
38.23,-122.64
33.72,-118.0
39.21,-122.01
33.68,-118.01
38.4,-122.36
39.52,-122.19
34.07,-118.38
38.03,-122.55
33.89,-118.2
34.03,-117.58
37.61,-122.12
33.75,-117.87
37.12,-120.26
34.43,-117.3
33.83,-118.39
34.92,-117.89
33.66,-117.97
37.5,-121.96
33.86,-118.06
37.5,-122.21
34.09,-117.89
33.88,-117.99
38.29,-122.46
34.43,-117.57
34.49,-117.42
34.43,-117.57
38.47,-122.75
34.43,-117.57
34.43,-117.65
37.77,-120.85
34.1,-117.72
34.69,-118.15
34.69,-118.15
34.69,-118.15
34.69,-118.15
33.83,-118.39
38.03,-122.55
33.68,-117.83
34.3,-119.22
38.03,-122.55
34.9,-117.02
38.03,-122.55
37.5,-121.96
34.51,-119.73
33.87,-117.93
34.44,-118.59
36.61,-119.53
33.98,-118.23
34.69,-118.15
33.81,-118.15
38.29,-122.46
34.08,-117.47
37.26,-121.88
38.68,-121.77
34.11,-117.37
34.11,-117.81
38.29,-122.46
34.69,-118.15
38.29,-122.46
34.69,-118.15
34.69,-118.15
34.69,-118.15
37.84,-121.21
33.83,-118.39
34.16,-119.13
34.23,-119.18
34.92,-117.89
39.51,-121.56
